Energy Stat_Weight Aij 
      cm-1  none  1/s     1/s     1/s     1/s     1/s     1/s     1/s     1/s     1/s     1/s     1/s     1/s     1/s     1/s     1/s     1/s     1/s
      0.00   9  0.00e+0 0.00e+0 0.00e+0 0.00e+0 0.00e+0 0.00e+0 0.00e+0 0.00e+0 0.00e+0 0.00e+0 0.00e+0 0.00e+0 0.00e+0 0.00e+0 0.00e+0 0.00e+0 0.00e+0
   1195.80   7  5.60e-2 0.00e+0 0.00e+0 0.00e+0 0.00e+0 0.00e+0 0.00e+0 0.00e+0 0.00e+0 0.00e+0 0.00e+0 0.00e+0 0.00e+0 0.00e+0 0.00e+0 0.00e+0 0.00e+0
   1986.80   5  0.00e+0 3.30e-2 0.00e+0 0.00e+0 0.00e+0 0.00e+0 0.00e+0 0.00e+0 0.00e+0 0.00e+0 0.00e+0 0.00e+0 0.00e+0 0.00e+0 0.00e+0 0.00e+0 0.00e+0
   2489.60   3  0.00e+0 0.00e+0 1.20e-2 0.00e+0 0.00e+0 0.00e+0 0.00e+0 0.00e+0 0.00e+0 0.00e+0 0.00e+0 0.00e+0 0.00e+0 0.00e+0 0.00e+0 0.00e+0 0.00e+0
   2733.40   1  0.00e+0 0.00e+0 0.00e+0 2.40e-3 0.00e+0 0.00e+0 0.00e+0 0.00e+0 0.00e+0 0.00e+0 0.00e+0 0.00e+0 0.00e+0 0.00e+0 0.00e+0 0.00e+0 0.00e+0
  29285.00   5  0.00e+0 4.00e+0 0.00e+0 4.00e-1 0.00e+0 0.00e+0 0.00e+0 0.00e+0 0.00e+0 0.00e+0 0.00e+0 0.00e+0 0.00e+0 0.00e+0 0.00e+0 0.00e+0 0.00e+0
  32684.90   3  0.00e+0 0.00e+0 5.00e+0 0.00e+0 1.00e-0 8.00e-1 0.00e+0 0.00e+0 0.00e+0 0.00e+0 0.00e+0 0.00e+0 0.00e+0 0.00e+0 0.00e+0 0.00e+0 0.00e+0
  33867.80   1  0.00e+0 0.00e+0 0.00e+0 7.00e+0 0.00e+0 0.00e+0 9.00e-2 0.00e+0 0.00e+0 0.00e+0 0.00e+0 0.00e+0 0.00e+0 0.00e+0 0.00e+0 0.00e+0 0.00e+0
  30417.60  13  3.00e-5 0.00e+0 0.00e+0 0.00e+0 0.00e+0 0.00e+0 0.00e+0 0.00e+0 0.00e+0 0.00e+0 0.00e+0 0.00e+0 0.00e+0 0.00e+0 0.00e+0 0.00e+0 0.00e+0
  31009.20  11  5.00e-4 1.20e-4 0.00e+0 0.00e+0 0.00e+0 0.00e+0 0.00e+0 0.00e+0 6.00e-3 0.00e+0 0.00e+0 0.00e+0 0.00e+0 0.00e+0 0.00e+0 0.00e+0 0.00e+0
  31287.60   9  1.00e-0 1.70e-1 0.00e+0 0.00e+0 0.00e+0 0.00e+0 0.00e+0 0.00e+0 0.00e+0 2.00e-3 0.00e+0 0.00e+0 0.00e+0 0.00e+0 0.00e+0 0.00e+0 0.00e+0
  32756.00   9  3.90e+0 7.00e-1 0.00e+0 0.00e+0 0.00e+0 0.00e+0 0.00e+0 0.00e+0 0.00e+0 0.00e+0 0.00e+0 0.00e+0 0.00e+0 0.00e+0 0.00e+0 0.00e+0 0.00e+0
  33295.80   7  4.40e-1 2.40e+0 8.00e-1 0.00e+0 0.00e+0 0.00e+0 0.00e+0 0.00e+0 0.00e+0 0.00e+0 0.00e+0 0.00e+0 0.00e+0 0.00e+0 0.00e+0 0.00e+0 0.00e+0
  33739.60   5  0.00e+0 2.70e-1 9.40e-1 4.50e-1 0.00e+0 0.00e+0 0.00e+0 0.00e+0 0.00e+0 0.00e+0 0.00e+0 0.00e+0 0.00e+0 0.00e+0 0.00e+0 0.00e+0 0.00e+0
  37378.10  11  8.00e-3 0.00e+0 0.00e+0 0.00e+0 0.00e+0 0.00e+0 0.00e+0 0.00e+0 3.60e-1 2.30e-1 6.30e-2 1.50e-1 0.00e+0 0.00e+0 0.00e+0 0.00e+0 0.00e+0
  38468.90   9  1.80e-1 4.80e-2 0.00e+0 0.00e+0 0.00e+0 0.00e+0 0.00e+0 0.00e+0 0.00e+0 7.00e-3 7.20e-2 4.00e-1 0.00e+0 0.00e+0 1.50e-2 0.00e+0 0.00e+0
  38907.40   7  1.20e-2 8.00e-2 3.20e-2 0.00e+0 0.00e+0 0.00e+0 0.00e+0 0.00e+0 0.00e+0 0.00e+0 4.00e-1 0.00e+0 3.00e-1 1.80e-1 0.00e+0 0.00e+0 0.00e+0
*** Cu VI       'Energy and transition probability data'
*** N_LEVELS 17
*** SOURCE1	'Sugar, J. & Corliss, C. 1985, J. Phys. Chem. Ref. Data 14, Suppl. 2, 1' 
*** NOTE1 	'Energy levels 5D_43210, 3P2_210, 3H_654, 3F2_432, 3G_543 (strictly NIST order by multiplets)' 
*** SOURCE2	'Aggarwal, K. M. et al. 2016, Atomic Data and Nuclear Data Tables 17, 140' 
*** NOTE2	'Transition Probabilities, Aij' 
*** NOTE4	'DP: Aij extrapolated from Co IV and Ni V' 
*** GSCONFIG 3d6