  0  0 1.80E+03 4.50E+03 9.00E+03 1.80E+04 4.50E+04 9.00E+04 1.80E+05 4.50E+05 9.00E+05 1.80E+06
  1  2 1.99E+00 2.48E+00 2.97E+00 3.16E+00 2.69E+00 2.15E+00 1.71E+00 1.32E+00 1.10E+00 9.16E-01
  1  3 8.93E-01 1.11E+00 1.37E+00 1.48E+00 1.24E+00 9.77E-01 7.49E-01 5.33E-01 4.13E-01 3.22E-01
  1  4 3.94E-01 5.02E-01 6.46E-01 7.17E-01 6.24E-01 5.02E-01 3.90E-01 2.73E-01 2.03E-01 1.47E-01
  1  5 1.14E-01 1.44E-01 1.90E-01 2.16E-01 1.93E-01 1.58E-01 1.25E-01 8.86E-02 6.64E-02 4.87E-02
  1  6 1.03E+00 9.40E-01 8.24E-01 7.08E-01 5.67E-01 4.84E-01 4.23E-01 3.52E-01 2.85E-01 2.11E-01
  1  7 3.17E-01 2.64E-01 2.25E-01 1.92E-01 1.48E-01 1.18E-01 9.54E-02 7.29E-02 5.66E-02 4.09E-02
  1  8 5.43E-02 4.39E-02 3.87E-02 3.30E-02 2.28E-02 1.55E-02 9.83E-03 5.10E-03 3.04E-03 1.79E-03
  1  9 1.48E+00 1.45E+00 1.44E+00 1.42E+00 1.34E+00 1.25E+00 1.16E+00 9.78E-01 7.83E-01 5.72E-01
  1 10 6.46E-01 6.61E-01 6.62E-01 6.60E-01 6.30E-01 5.90E-01 5.46E-01 4.60E-01 3.68E-01 2.69E-01
  1 11 2.10E-01 2.20E-01 2.21E-01 2.07E-01 1.69E-01 1.40E-01 1.17E-01 9.30E-02 7.34E-02 5.35E-02
  1 12 1.09E+00 1.10E+00 1.13E+00 1.09E+00 9.63E-01 8.54E-01 7.62E-01 6.37E-01 5.12E-01 3.77E-01
  1 13 5.38E-01 5.23E-01 5.26E-01 5.17E-01 4.63E-01 4.10E-01 3.61E-01 2.93E-01 2.31E-01 1.68E-01
  1 14 1.94E-01 1.96E-01 1.95E-01 1.91E-01 1.71E-01 1.51E-01 1.33E-01 1.06E-01 8.29E-02 5.98E-02
  1 15 1.53E+00 1.41E+00 1.33E+00 1.24E+00 1.08E+00 9.64E-01 8.74E-01 7.43E-01 6.02E-01 4.45E-01
  1 16 6.69E-01 6.08E-01 5.57E-01 5.18E-01 4.48E-01 3.88E-01 3.36E-01 2.71E-01 2.14E-01 1.55E-01
  1 17 2.32E-01 2.02E-01 1.71E-01 1.45E-01 1.12E-01 9.13E-02 7.51E-02 5.74E-02 4.42E-02 3.16E-02
  1 18 5.18E-01 8.59E-01 1.18E+00 1.27E+00 1.07E+00 8.02E-01 5.55E-01 3.22E-01 2.08E-01 1.30E-01
  1 19 2.75E-01 2.28E-01 1.64E-01 1.05E-01 5.23E-02 2.96E-02 1.63E-02 7.17E-03 3.80E-03 2.01E-03
  1 20 2.72E-01 3.06E-01 3.40E-01 3.46E-01 3.12E-01 2.81E-01 2.55E-01 2.15E-01 1.74E-01 1.28E-01
  1 21 1.43E-01 1.44E-01 1.56E-01 1.62E-01 1.51E-01 1.37E-01 1.23E-01 1.01E-01 8.02E-02 5.84E-02
  1 22 5.74E-01 6.95E-01 7.54E-01 7.28E-01 6.17E-01 5.36E-01 4.75E-01 3.99E-01 3.23E-01 2.39E-01
  1 23 5.63E-02 5.80E-02 6.21E-02 5.69E-02 3.94E-02 2.64E-02 1.66E-02 8.66E-03 5.25E-03 3.15E-03
  1 24 3.57E-03 5.69E-03 6.07E-03 5.31E-03 3.54E-03 2.38E-03 1.49E-03 7.28E-04 4.01E-04 2.16E-04
  1 25 3.13E-02 3.38E-02 3.31E-02 2.80E-02 1.85E-02 1.26E-02 8.27E-03 4.73E-03 3.09E-03 1.98E-03
  2  3 1.55E+00 1.82E+00 2.12E+00 2.23E+00 1.93E+00 1.58E+00 1.30E+00 1.05E+00 8.93E-01 7.42E-01
  2  4 6.50E-01 7.78E-01 9.03E-01 9.29E-01 7.54E-01 5.80E-01 4.40E-01 3.24E-01 2.72E-01 2.37E-01
  2  5 1.76E-01 2.34E-01 2.75E-01 2.77E-01 2.17E-01 1.62E-01 1.18E-01 7.77E-02 5.50E-02 3.71E-02
  2  6 8.52E-01 7.51E-01 6.30E-01 5.12E-01 3.78E-01 3.04E-01 2.51E-01 1.99E-01 1.57E-01 1.15E-01
  2  7 4.24E-01 3.55E-01 3.06E-01 2.59E-01 2.00E-01 1.66E-01 1.41E-01 1.14E-01 9.07E-02 6.66E-02
  2  8 1.41E-01 1.08E-01 8.99E-02 7.55E-02 5.91E-02 4.88E-02 4.11E-02 3.27E-02 2.57E-02 1.86E-02
  2  9 6.54E-01 6.22E-01 6.04E-01 5.90E-01 5.60E-01 5.29E-01 4.93E-01 4.20E-01 3.36E-01 2.46E-01
  2 10 6.62E-01 6.61E-01 6.54E-01 6.32E-01 5.74E-01 5.26E-01 4.80E-01 4.01E-01 3.19E-01 2.33E-01
  2 11 5.29E-01 5.38E-01 5.38E-01 5.35E-01 5.12E-01 4.84E-01 4.52E-01 3.85E-01 3.08E-01 2.26E-01
  2 12 5.60E-01 5.24E-01 5.21E-01 4.98E-01 4.23E-01 3.61E-01 3.10E-01 2.49E-01 1.97E-01 1.43E-01
  2 13 5.47E-01 5.39E-01 5.39E-01 5.09E-01 4.29E-01 3.70E-01 3.25E-01 2.70E-01 2.17E-01 1.60E-01
  2 14 3.23E-01 3.29E-01 3.33E-01 3.28E-01 2.91E-01 2.56E-01 2.23E-01 1.81E-01 1.42E-01 1.03E-01
  2 15 7.82E-01 7.43E-01 6.87E-01 6.31E-01 5.51E-01 4.96E-01 4.49E-01 3.77E-01 3.02E-01 2.22E-01
  2 16 6.65E-01 6.10E-01 5.81E-01 5.45E-01 4.73E-01 4.22E-01 3.82E-01 3.25E-01 2.64E-01 1.95E-01
  2 17 5.19E-01 4.55E-01 4.12E-01 3.78E-01 3.30E-01 2.96E-01 2.67E-01 2.22E-01 1.78E-01 1.30E-01
  2 18 4.04E-01 6.83E-01 9.37E-01 1.00E+00 8.28E-01 6.15E-01 4.24E-01 2.46E-01 1.59E-01 9.96E-02
  2 19 7.47E-02 6.98E-02 5.34E-02 3.63E-02 1.98E-02 1.20E-02 6.92E-03 3.18E-03 1.72E-03 9.20E-04
  2 20 3.07E-01 3.51E-01 3.70E-01 3.55E-01 3.02E-01 2.61E-01 2.29E-01 1.89E-01 1.51E-01 1.11E-01
  2 21 1.43E-01 1.62E-01 1.79E-01 1.80E-01 1.60E-01 1.44E-01 1.30E-01 1.11E-01 8.98E-02 6.66E-02
  2 22 3.43E-01 4.13E-01 4.54E-01 4.49E-01 3.94E-01 3.49E-01 3.12E-01 2.62E-01 2.11E-01 1.56E-01
  2 23 3.74E-02 4.03E-02 4.25E-02 3.87E-02 2.74E-02 1.86E-02 1.17E-02 5.86E-03 3.37E-03 1.92E-03
  2 24 5.67E-03 1.01E-02 1.11E-02 9.54E-03 6.31E-03 4.23E-03 2.68E-03 1.38E-03 8.21E-04 4.80E-04
  2 25 4.11E-02 4.35E-02 3.90E-02 3.14E-02 2.02E-02 1.33E-02 8.26E-03 4.12E-03 2.39E-03 1.38E-03
  3  4 1.00E+00 1.19E+00 1.37E+00 1.41E+00 1.20E+00 9.82E-01 8.15E-01 6.65E-01 5.53E-01 4.36E-01
  3  5 2.96E-01 3.18E-01 3.50E-01 3.55E-01 2.87E-01 2.21E-01 1.71E-01 1.38E-01 1.31E-01 1.31E-01
  3  6 6.69E-01 5.48E-01 4.39E-01 3.40E-01 2.34E-01 1.76E-01 1.37E-01 1.01E-01 7.70E-02 5.51E-02
  3  7 4.22E-01 3.44E-01 2.90E-01 2.44E-01 1.88E-01 1.56E-01 1.32E-01 1.07E-01 8.55E-02 6.29E-02
  3  8 1.47E-01 1.18E-01 1.02E-01 8.82E-02 7.11E-02 6.09E-02 5.35E-02 4.47E-02 3.62E-02 2.68E-02
  3  9 2.51E-01 2.24E-01 2.12E-01 2.06E-01 1.96E-01 1.86E-01 1.73E-01 1.47E-01 1.18E-01 8.63E-02
  3 10 4.52E-01 4.44E-01 4.36E-01 4.20E-01 3.84E-01 3.54E-01 3.24E-01 2.72E-01 2.17E-01 1.59E-01
  3 11 5.03E-01 5.10E-01 5.09E-01 5.02E-01 4.73E-01 4.43E-01 4.11E-01 3.48E-01 2.78E-01 2.03E-01
  3 12 3.64E-01 3.24E-01 3.16E-01 3.01E-01 2.57E-01 2.21E-01 1.90E-01 1.52E-01 1.19E-01 8.59E-02
  3 13 4.05E-01 3.98E-01 4.04E-01 3.87E-01 3.26E-01 2.79E-01 2.42E-01 1.98E-01 1.58E-01 1.16E-01
  3 14 3.44E-01 3.57E-01 3.65E-01 3.52E-01 3.04E-01 2.66E-01 2.33E-01 1.92E-01 1.54E-01 1.13E-01
  3 15 3.50E-01 3.40E-01 3.10E-01 2.80E-01 2.43E-01 2.19E-01 1.97E-01 1.64E-01 1.31E-01 9.52E-02
  3 16 5.65E-01 5.12E-01 4.76E-01 4.44E-01 3.91E-01 3.53E-01 3.22E-01 2.73E-01 2.20E-01 1.63E-01
  3 17 5.65E-01 5.07E-01 4.76E-01 4.48E-01 3.97E-01 3.60E-01 3.28E-01 2.78E-01 2.24E-01 1.65E-01
  3 18 2.87E-01 4.89E-01 6.68E-01 7.10E-01 5.83E-01 4.33E-01 2.98E-01 1.74E-01 1.12E-01 7.03E-02
  3 19 1.52E-02 1.95E-02 1.68E-02 1.26E-02 7.62E-03 4.89E-03 2.95E-03 1.39E-03 7.59E-04 4.09E-04
  3 20 2.16E-01 2.61E-01 2.81E-01 2.71E-01 2.30E-01 1.99E-01 1.74E-01 1.44E-01 1.16E-01 8.57E-02
  3 21 1.62E-01 1.85E-01 1.96E-01 1.86E-01 1.56E-01 1.35E-01 1.19E-01 9.99E-02 8.09E-02 5.99E-02
  3 22 2.06E-01 2.38E-01 2.61E-01 2.62E-01 2.36E-01 2.12E-01 1.90E-01 1.59E-01 1.27E-01 9.36E-02
  3 23 3.02E-02 3.28E-02 3.45E-02 3.15E-02 2.23E-02 1.52E-02 9.59E-03 4.88E-03 2.86E-03 1.66E-03
  3 24 3.88E-03 8.45E-03 1.01E-02 9.06E-03 6.06E-03 4.01E-03 2.48E-03 1.23E-03 7.13E-04 4.09E-04
  3 25 4.45E-02 4.60E-02 4.06E-02 3.22E-02 2.04E-02 1.33E-02 8.11E-03 4.00E-03 2.30E-03 1.31E-03
  4  5 3.78E-01 4.42E-01 5.04E-01 5.20E-01 4.56E-01 3.88E-01 3.35E-01 2.83E-01 2.33E-01 1.75E-01
  4  6 4.44E-01 3.38E-01 2.59E-01 1.93E-01 1.24E-01 8.75E-02 6.29E-02 4.24E-02 3.09E-02 2.15E-02
  4  7 3.23E-01 2.54E-01 2.10E-01 1.74E-01 1.34E-01 1.12E-01 9.54E-02 7.74E-02 6.18E-02 4.54E-02
  4  8 1.11E-01 9.20E-02 7.99E-02 6.83E-02 5.44E-02 4.66E-02 4.10E-02 3.42E-02 2.75E-02 2.02E-02
  4  9 5.85E-02 5.07E-02 4.76E-02 4.58E-02 4.27E-02 3.97E-02 3.63E-02 3.02E-02 2.38E-02 1.72E-02
  4 10 2.51E-01 2.36E-01 2.27E-01 2.22E-01 2.10E-01 1.98E-01 1.85E-01 1.57E-01 1.26E-01 9.20E-02
  4 11 3.35E-01 3.42E-01 3.39E-01 3.28E-01 2.98E-01 2.73E-01 2.49E-01 2.08E-01 1.66E-01 1.21E-01
  4 12 2.41E-01 2.10E-01 2.00E-01 1.89E-01 1.65E-01 1.46E-01 1.29E-01 1.04E-01 8.19E-02 5.93E-02
  4 13 2.36E-01 2.34E-01 2.41E-01 2.36E-01 2.05E-01 1.77E-01 1.54E-01 1.25E-01 9.91E-02 7.22E-02
  4 14 2.50E-01 2.65E-01 2.74E-01 2.62E-01 2.20E-01 1.89E-01 1.66E-01 1.38E-01 1.11E-01 8.21E-02
  4 15 1.22E-01 1.21E-01 1.11E-01 9.94E-02 8.54E-02 7.63E-02 6.83E-02 5.61E-02 4.44E-02 3.22E-02
  4 16 3.88E-01 3.43E-01 3.08E-01 2.82E-01 2.51E-01 2.29E-01 2.10E-01 1.77E-01 1.42E-01 1.04E-01
  4 17 4.39E-01 3.93E-01 3.71E-01 3.51E-01 3.10E-01 2.80E-01 2.56E-01 2.19E-01 1.77E-01 1.31E-01
  4 18 1.71E-01 2.93E-01 3.99E-01 4.22E-01 3.44E-01 2.55E-01 1.76E-01 1.03E-01 6.64E-02 4.18E-02
  4 19 5.12E-03 7.33E-03 6.44E-03 4.84E-03 2.94E-03 1.89E-03 1.14E-03 5.32E-04 2.86E-04 1.51E-04
  4 20 1.19E-01 1.46E-01 1.61E-01 1.58E-01 1.37E-01 1.20E-01 1.06E-01 8.97E-02 7.26E-02 5.38E-02
  4 21 1.27E-01 1.50E-01 1.55E-01 1.43E-01 1.16E-01 9.74E-02 8.40E-02 6.91E-02 5.57E-02 4.12E-02
  4 22 1.10E-01 1.26E-01 1.36E-01 1.38E-01 1.26E-01 1.13E-01 1.02E-01 8.40E-02 6.68E-02 4.88E-02
  4 23 2.20E-02 2.39E-02 2.42E-02 2.15E-02 1.50E-02 1.02E-02 6.47E-03 3.40E-03 2.06E-03 1.23E-03
  4 24 2.70E-03 5.95E-03 7.38E-03 6.77E-03 4.57E-03 2.99E-03 1.81E-03 8.53E-04 4.66E-04 2.51E-04
  4 25 3.13E-02 3.23E-02 2.86E-02 2.28E-02 1.45E-02 9.41E-03 5.80E-03 2.92E-03 1.72E-03 1.01E-03
  5  6 1.48E-01 1.11E-01 8.39E-02 6.15E-02 3.82E-02 2.58E-02 1.75E-02 1.09E-02 7.58E-03 5.13E-03
  5  7 1.26E-01 9.67E-02 7.86E-02 6.43E-02 4.92E-02 4.08E-02 3.48E-02 2.82E-02 2.24E-02 1.63E-02
  5  8 4.40E-02 3.61E-02 3.10E-02 2.62E-02 2.07E-02 1.78E-02 1.56E-02 1.28E-02 1.03E-02 7.58E-03
  5  9 1.95E-03 2.30E-03 2.34E-03 2.12E-03 1.59E-03 1.16E-03 7.71E-04 4.09E-04 2.46E-04 1.46E-04
  5 10 8.22E-02 7.24E-02 6.84E-02 6.74E-02 6.59E-02 6.36E-02 6.02E-02 5.15E-02 4.11E-02 2.98E-02
  5 11 1.17E-01 1.20E-01 1.18E-01 1.13E-01 9.93E-02 8.91E-02 8.00E-02 6.62E-02 5.25E-02 3.82E-02
  5 12 8.87E-02 7.63E-02 7.14E-02 6.70E-02 5.93E-02 5.32E-02 4.76E-02 3.90E-02 3.08E-02 2.23E-02
  5 13 7.91E-02 7.93E-02 8.20E-02 8.12E-02 7.17E-02 6.26E-02 5.46E-02 4.39E-02 3.43E-02 2.47E-02
  5 14 8.95E-02 9.52E-02 9.94E-02 9.48E-02 7.86E-02 6.71E-02 5.86E-02 4.89E-02 3.96E-02 2.94E-02
  5 15 2.43E-02 2.50E-02 2.28E-02 2.02E-02 1.73E-02 1.54E-02 1.37E-02 1.12E-02 8.74E-03 6.27E-03
  5 16 1.41E-01 1.24E-01 1.10E-01 9.92E-02 8.79E-02 8.07E-02 7.39E-02 6.20E-02 4.94E-02 3.61E-02
  5 17 1.65E-01 1.46E-01 1.38E-01 1.30E-01 1.15E-01 1.04E-01 9.51E-02 8.10E-02 6.52E-02 4.77E-02
  5 18 5.73E-02 9.85E-02 1.34E-01 1.41E-01 1.15E-01 8.48E-02 5.85E-02 3.41E-02 2.19E-02 1.37E-02
  5 19 1.22E-03 1.95E-03 1.72E-03 1.27E-03 7.50E-04 4.88E-04 3.03E-04 1.44E-04 7.72E-05 4.00E-05
  5 20 3.84E-02 4.74E-02 5.26E-02 5.20E-02 4.53E-02 4.00E-02 3.59E-02 3.05E-02 2.49E-02 1.85E-02
  5 21 4.61E-02 5.50E-02 5.70E-02 5.22E-02 4.18E-02 3.48E-02 2.98E-02 2.42E-02 1.92E-02 1.40E-02
  5 22 3.36E-02 3.76E-02 4.10E-02 4.19E-02 3.88E-02 3.51E-02 3.15E-02 2.58E-02 2.02E-02 1.45E-02
  5 23 7.45E-03 8.57E-03 8.60E-03 7.55E-03 5.20E-03 3.54E-03 2.28E-03 1.23E-03 7.59E-04 4.62E-04
  5 24 1.15E-03 2.31E-03 2.84E-03 2.65E-03 1.86E-03 1.24E-03 7.60E-04 3.54E-04 1.89E-04 9.81E-05
  5 25 1.07E-02 1.11E-02 9.85E-03 7.92E-03 5.09E-03 3.34E-03 2.07E-03 1.07E-03 6.38E-04 3.79E-04
  6  7 1.11E+00 1.09E+00 9.83E-01 8.34E-01 5.96E-01 4.44E-01 3.36E-01 2.45E-01 1.87E-01 1.34E-01
  6  8 3.48E-01 3.17E-01 2.77E-01 2.27E-01 1.53E-01 1.08E-01 7.72E-02 5.16E-02 3.76E-02 2.62E-02
  6  9 3.69E-01 3.82E-01 3.94E-01 4.03E-01 3.65E-01 3.16E-01 2.67E-01 2.05E-01 1.62E-01 1.27E-01
  6 10 2.90E-01 2.92E-01 2.83E-01 2.70E-01 2.33E-01 1.98E-01 1.66E-01 1.26E-01 9.89E-02 7.50E-02
  6 11 3.22E-01 2.99E-01 2.74E-01 2.41E-01 1.83E-01 1.42E-01 1.10E-01 7.91E-02 6.14E-02 4.73E-02
  6 12 1.40E+00 1.16E+00 1.06E+00 9.58E-01 7.73E-01 6.39E-01 5.28E-01 4.15E-01 3.43E-01 2.81E-01
  6 13 1.12E+00 9.64E-01 8.88E-01 8.02E-01 6.43E-01 5.27E-01 4.31E-01 3.27E-01 2.57E-01 1.96E-01
  6 14 8.72E-01 7.46E-01 6.70E-01 5.91E-01 4.64E-01 3.77E-01 3.07E-01 2.31E-01 1.79E-01 1.35E-01
  6 15 6.75E-01 6.52E-01 6.03E-01 5.31E-01 4.18E-01 3.42E-01 2.80E-01 2.09E-01 1.61E-01 1.19E-01
  6 16 5.18E-01 4.81E-01 4.22E-01 3.54E-01 2.62E-01 2.04E-01 1.58E-01 1.12E-01 8.56E-02 6.45E-02
  6 17 3.62E-01 3.20E-01 2.73E-01 2.24E-01 1.60E-01 1.20E-01 8.98E-02 6.13E-02 4.54E-02 3.33E-02
  6 18 9.24E-03 2.06E-02 2.44E-02 2.33E-02 1.84E-02 1.31E-02 8.11E-03 3.76E-03 1.98E-03 1.02E-03
  6 19 3.95E-02 4.05E-02 3.67E-02 3.08E-02 2.13E-02 1.47E-02 9.28E-03 4.63E-03 2.65E-03 1.51E-03
  6 20 2.69E-01 3.45E-01 3.68E-01 3.54E-01 2.95E-01 2.46E-01 2.05E-01 1.64E-01 1.35E-01 1.10E-01
  6 21 1.53E-01 1.93E-01 2.04E-01 1.98E-01 1.66E-01 1.40E-01 1.17E-01 9.13E-02 7.24E-02 5.50E-02
  6 22 3.35E-01 4.51E-01 4.82E-01 4.60E-01 3.73E-01 3.01E-01 2.44E-01 1.90E-01 1.58E-01 1.31E-01
  6 23 3.82E-01 3.87E-01 4.05E-01 4.25E-01 4.15E-01 3.81E-01 3.40E-01 2.73E-01 2.13E-01 1.53E-01
  6 24 1.02E-01 1.35E-01 1.58E-01 1.57E-01 1.34E-01 1.17E-01 1.05E-01 8.90E-02 7.23E-02 5.36E-02
  6 25 5.47E-01 5.62E-01 5.38E-01 5.01E-01 4.47E-01 4.08E-01 3.75E-01 3.24E-01 2.64E-01 1.95E-01
  7  8 3.09E-01 3.05E-01 2.87E-01 2.56E-01 2.01E-01 1.63E-01 1.34E-01 1.07E-01 8.57E-02 6.30E-02
  7  9 1.01E-01 8.90E-02 8.22E-02 7.82E-02 6.97E-02 6.13E-02 5.29E-02 4.15E-02 3.19E-02 2.26E-02
  7 10 1.58E-01 1.65E-01 1.66E-01 1.65E-01 1.43E-01 1.19E-01 9.60E-02 7.05E-02 5.51E-02 4.32E-02
  7 11 3.83E-01 3.53E-01 3.29E-01 3.14E-01 2.80E-01 2.47E-01 2.15E-01 1.71E-01 1.37E-01 1.05E-01
  7 12 6.61E-01 5.58E-01 5.06E-01 4.49E-01 3.48E-01 2.75E-01 2.17E-01 1.57E-01 1.18E-01 8.51E-02
  7 13 6.01E-01 5.36E-01 5.07E-01 4.60E-01 3.59E-01 2.86E-01 2.28E-01 1.73E-01 1.44E-01 1.23E-01
  7 14 3.49E-01 3.35E-01 3.42E-01 3.25E-01 2.60E-01 2.09E-01 1.66E-01 1.24E-01 9.71E-02 7.51E-02
  7 15 3.20E-01 3.04E-01 2.76E-01 2.39E-01 1.79E-01 1.40E-01 1.10E-01 7.89E-02 6.20E-02 4.98E-02
  7 16 2.94E-01 2.82E-01 2.64E-01 2.37E-01 1.88E-01 1.54E-01 1.25E-01 9.31E-02 7.02E-02 4.96E-02
  7 17 4.42E-01 3.84E-01 3.33E-01 2.82E-01 2.13E-01 1.71E-01 1.37E-01 1.01E-01 7.87E-02 6.14E-02
  7 18 5.25E-03 1.33E-02 1.54E-02 1.42E-02 1.09E-02 7.63E-03 4.70E-03 2.17E-03 1.14E-03 5.89E-04
  7 19 1.86E-02 1.88E-02 1.68E-02 1.41E-02 9.89E-03 6.96E-03 4.50E-03 2.30E-03 1.34E-03 7.72E-04
  7 20 1.29E-01 1.84E-01 2.05E-01 1.99E-01 1.59E-01 1.25E-01 9.67E-02 6.84E-02 5.12E-02 3.69E-02
  7 21 1.06E-01 1.46E-01 1.59E-01 1.52E-01 1.20E-01 9.57E-02 7.66E-02 6.07E-02 5.27E-02 4.64E-02
  7 22 2.16E-01 2.87E-01 3.05E-01 2.90E-01 2.36E-01 1.96E-01 1.64E-01 1.30E-01 1.07E-01 8.51E-02
  7 23 2.60E-01 2.69E-01 2.83E-01 2.99E-01 2.98E-01 2.78E-01 2.52E-01 2.05E-01 1.61E-01 1.15E-01
  7 24 7.24E-02 9.97E-02 1.20E-01 1.20E-01 1.03E-01 9.03E-02 8.03E-02 6.71E-02 5.39E-02 3.95E-02
  7 25 3.69E-01 3.68E-01 3.47E-01 3.24E-01 2.89E-01 2.63E-01 2.41E-01 2.07E-01 1.68E-01 1.24E-01
  8  9 5.36E-03 8.22E-03 9.07E-03 8.05E-03 5.39E-03 3.56E-03 2.17E-03 1.03E-03 5.65E-04 3.05E-04
  8 10 6.51E-02 5.67E-02 5.16E-02 4.90E-02 4.45E-02 4.01E-02 3.56E-02 2.86E-02 2.22E-02 1.59E-02
  8 11 5.60E-02 6.36E-02 6.62E-02 6.48E-02 5.11E-02 3.73E-02 2.55E-02 1.49E-02 1.01E-02 7.28E-03
  8 12 2.90E-01 2.55E-01 2.32E-01 2.10E-01 1.71E-01 1.43E-01 1.20E-01 9.27E-02 7.33E-02 5.65E-02
  8 13 1.57E-01 1.47E-01 1.45E-01 1.36E-01 1.11E-01 9.06E-02 7.40E-02 5.58E-02 4.24E-02 3.00E-02
  8 14 1.20E-01 1.17E-01 1.20E-01 1.13E-01 8.77E-02 6.71E-02 5.09E-02 3.83E-02 3.38E-02 3.18E-02
  8 15 5.83E-02 4.87E-02 4.27E-02 3.68E-02 2.74E-02 2.10E-02 1.60E-02 1.12E-02 8.11E-03 5.56E-03
  8 16 1.82E-01 1.73E-01 1.53E-01 1.31E-01 9.91E-02 7.96E-02 6.39E-02 4.74E-02 3.84E-02 3.22E-02
  8 17 1.41E-01 1.18E-01 1.06E-01 9.33E-02 7.39E-02 6.07E-02 4.99E-02 3.74E-02 2.82E-02 1.98E-02
  8 18 1.80E-03 4.64E-03 5.45E-03 5.06E-03 3.88E-03 2.73E-03 1.70E-03 7.94E-04 4.21E-04 2.17E-04
  8 19 4.83E-03 5.21E-03 4.59E-03 3.77E-03 2.68E-03 1.96E-03 1.32E-03 7.01E-04 4.17E-04 2.43E-04
  8 20 6.15E-02 7.81E-02 8.43E-02 8.10E-02 6.56E-02 5.34E-02 4.44E-02 3.73E-02 3.36E-02 3.05E-02
  8 21 2.35E-02 3.82E-02 4.46E-02 4.37E-02 3.41E-02 2.56E-02 1.84E-02 1.17E-02 8.13E-03 5.42E-03
  8 22 5.53E-02 7.61E-02 8.50E-02 8.50E-02 7.24E-02 6.08E-02 5.07E-02 3.84E-02 2.91E-02 2.04E-02
  8 23 8.67E-02 9.06E-02 9.56E-02 1.02E-01 1.05E-01 9.97E-02 9.13E-02 7.51E-02 5.90E-02 4.24E-02
  8 24 2.88E-02 4.27E-02 5.19E-02 5.19E-02 4.45E-02 3.89E-02 3.36E-02 2.66E-02 2.08E-02 1.50E-02
  8 25 1.33E-01 1.25E-01 1.17E-01 1.09E-01 9.76E-02 8.88E-02 8.11E-02 6.94E-02 5.64E-02 4.18E-02
  9 10 3.11E+00 3.16E+00 3.10E+00 2.85E+00 2.31E+00 1.86E+00 1.50E+00 1.15E+00 9.08E-01 6.79E-01
  9 11 7.11E-01 6.96E-01 6.49E-01 5.74E-01 4.38E-01 3.37E-01 2.56E-01 1.80E-01 1.36E-01 1.02E-01
  9 12 2.16E+00 1.98E+00 1.86E+00 1.66E+00 1.30E+00 1.03E+00 8.19E-01 6.09E-01 4.84E-01 3.82E-01
  9 13 9.16E-01 8.42E-01 7.50E-01 6.39E-01 4.90E-01 3.99E-01 3.28E-01 2.54E-01 2.02E-01 1.55E-01
  9 14 1.96E-01 1.73E-01 1.47E-01 1.18E-01 8.20E-02 6.02E-02 4.38E-02 2.82E-02 1.99E-02 1.39E-02
  9 15 3.19E+00 3.80E+00 3.95E+00 3.86E+00 3.32E+00 2.81E+00 2.38E+00 1.99E+00 1.76E+00 1.56E+00
  9 16 1.40E+00 1.48E+00 1.43E+00 1.33E+00 1.13E+00 9.80E-01 8.51E-01 6.95E-01 5.67E-01 4.42E-01
  9 17 3.51E-01 3.57E-01 3.44E-01 3.28E-01 2.96E-01 2.70E-01 2.43E-01 2.00E-01 1.57E-01 1.14E-01
  9 18 2.59E-03 3.66E-03 4.55E-03 5.24E-03 5.12E-03 4.01E-03 2.64E-03 1.27E-03 6.77E-04 3.50E-04
  9 19 2.90E+00 2.91E+00 2.95E+00 2.92E+00 2.65E+00 2.36E+00 2.10E+00 1.71E+00 1.34E+00 9.68E-01
  9 20 9.93E-02 1.28E-01 1.40E-01 1.35E-01 1.12E-01 9.28E-02 7.53E-02 5.54E-02 4.19E-02 3.02E-02
  9 21 1.53E-02 2.15E-02 2.44E-02 2.40E-02 1.97E-02 1.58E-02 1.22E-02 8.44E-03 6.09E-03 4.16E-03
  9 22 3.16E-01 4.69E-01 5.86E-01 5.98E-01 5.03E-01 4.19E-01 3.46E-01 2.60E-01 1.99E-01 1.44E-01
  9 23 1.43E+00 1.13E+00 1.01E+00 9.29E-01 7.85E-01 6.70E-01 5.76E-01 4.67E-01 3.71E-01 2.71E-01
  9 24 3.52E-03 3.40E-03 3.43E-03 3.19E-03 2.55E-03 1.98E-03 1.36E-03 7.05E-04 4.03E-04 2.24E-04
  9 25 2.12E-01 2.41E-01 2.53E-01 2.47E-01 2.19E-01 1.94E-01 1.70E-01 1.35E-01 1.04E-01 7.45E-02
 10 11 2.44E+00 2.61E+00 2.60E+00 2.36E+00 1.88E+00 1.53E+00 1.25E+00 9.78E-01 7.75E-01 5.78E-01
 10 12 1.52E+00 1.39E+00 1.28E+00 1.13E+00 8.88E-01 7.24E-01 5.97E-01 4.75E-01 3.94E-01 3.21E-01
 10 13 8.94E-01 9.36E-01 9.17E-01 8.14E-01 6.13E-01 4.72E-01 3.61E-01 2.60E-01 2.06E-01 1.67E-01
 10 14 8.30E-01 7.50E-01 6.65E-01 5.66E-01 4.37E-01 3.60E-01 3.01E-01 2.37E-01 1.89E-01 1.45E-01
 10 15 1.31E+00 1.56E+00 1.59E+00 1.51E+00 1.30E+00 1.12E+00 9.63E-01 7.84E-01 6.44E-01 5.09E-01
 10 16 1.79E+00 2.05E+00 2.04E+00 1.89E+00 1.56E+00 1.32E+00 1.14E+00 9.92E-01 9.15E-01 8.56E-01
 10 17 1.13E+00 1.21E+00 1.16E+00 1.06E+00 8.90E-01 7.70E-01 6.72E-01 5.54E-01 4.56E-01 3.59E-01
 10 18 2.37E-03 4.49E-03 5.70E-03 6.46E-03 6.20E-03 4.76E-03 3.08E-03 1.47E-03 7.80E-04 4.02E-04
 10 19 2.23E+00 2.23E+00 2.26E+00 2.25E+00 2.08E+00 1.89E+00 1.71E+00 1.41E+00 1.12E+00 8.09E-01
 10 20 1.64E-01 2.38E-01 3.05E-01 3.18E-01 2.74E-01 2.32E-01 1.96E-01 1.50E-01 1.16E-01 8.44E-02
 10 21 6.68E-02 8.97E-02 1.00E-01 9.65E-02 7.86E-02 6.35E-02 5.00E-02 3.55E-02 2.66E-02 1.95E-02
 10 22 1.55E-01 2.30E-01 2.73E-01 2.73E-01 2.30E-01 1.90E-01 1.55E-01 1.16E-01 9.20E-02 7.17E-02
 10 23 1.26E+00 9.76E-01 8.67E-01 7.92E-01 6.65E-01 5.66E-01 4.85E-01 3.90E-01 3.09E-01 2.25E-01
 10 24 8.56E-03 1.08E-02 1.16E-02 1.08E-02 7.77E-03 5.43E-03 3.47E-03 1.72E-03 9.64E-04 5.29E-04
 10 25 2.11E-01 2.45E-01 2.59E-01 2.47E-01 2.10E-01 1.81E-01 1.54E-01 1.20E-01 9.23E-02 6.56E-02
 11 12 1.13E+00 1.23E+00 1.26E+00 1.16E+00 9.05E-01 6.97E-01 5.29E-01 3.75E-01 2.85E-01 2.10E-01
 11 13 1.16E+00 1.08E+00 9.95E-01 8.74E-01 6.95E-01 5.78E-01 4.84E-01 3.86E-01 3.19E-01 2.59E-01
 11 14 9.07E-01 8.92E-01 8.42E-01 7.37E-01 5.58E-01 4.38E-01 3.46E-01 2.61E-01 2.12E-01 1.74E-01
 11 15 6.18E-01 6.73E-01 6.76E-01 6.43E-01 5.50E-01 4.74E-01 4.10E-01 3.32E-01 2.70E-01 2.10E-01
 11 16 1.01E+00 1.20E+00 1.19E+00 1.10E+00 9.02E-01 7.59E-01 6.43E-01 5.16E-01 4.18E-01 3.25E-01
 11 17 1.80E+00 1.99E+00 1.93E+00 1.74E+00 1.43E+00 1.22E+00 1.07E+00 9.34E-01 8.53E-01 7.82E-01
 11 18 2.47E-03 5.69E-03 7.38E-03 8.88E-03 8.95E-03 6.83E-03 4.35E-03 2.04E-03 1.08E-03 5.56E-04
 11 19 1.63E+00 1.66E+00 1.67E+00 1.66E+00 1.55E+00 1.42E+00 1.29E+00 1.07E+00 8.50E-01 6.16E-01
 11 20 1.36E-01 1.95E-01 2.30E-01 2.30E-01 1.88E-01 1.50E-01 1.19E-01 8.57E-02 6.50E-02 4.75E-02
 11 21 1.37E-01 1.95E-01 2.45E-01 2.55E-01 2.19E-01 1.87E-01 1.58E-01 1.22E-01 9.42E-02 6.91E-02
 11 22 1.89E-01 2.32E-01 2.52E-01 2.51E-01 2.24E-01 1.97E-01 1.76E-01 1.56E-01 1.43E-01 1.31E-01
 11 23 1.02E+00 8.39E-01 7.81E-01 7.41E-01 6.43E-01 5.54E-01 4.76E-01 3.82E-01 3.01E-01 2.19E-01
 11 24 1.79E-02 2.42E-02 2.75E-02 2.67E-02 2.05E-02 1.54E-02 1.11E-02 6.90E-03 4.68E-03 3.06E-03
 11 25 2.95E-01 3.34E-01 3.36E-01 3.09E-01 2.56E-01 2.19E-01 1.88E-01 1.49E-01 1.15E-01 8.30E-02
 12 13 1.39E+00 1.26E+00 1.21E+00 1.11E+00 8.74E-01 6.94E-01 5.53E-01 4.19E-01 3.25E-01 2.34E-01
 12 14 5.66E-01 5.23E-01 4.88E-01 4.26E-01 3.17E-01 2.43E-01 1.86E-01 1.31E-01 9.83E-02 7.24E-02
 12 15 1.49E+00 1.57E+00 1.61E+00 1.54E+00 1.22E+00 9.62E-01 7.54E-01 5.59E-01 4.45E-01 3.50E-01
 12 16 1.06E+00 1.09E+00 1.05E+00 9.71E-01 7.85E-01 6.45E-01 5.35E-01 4.22E-01 3.43E-01 2.71E-01
 12 17 5.81E-01 5.82E-01 5.36E-01 4.64E-01 3.44E-01 2.64E-01 2.04E-01 1.52E-01 1.25E-01 1.04E-01
 12 18 6.51E-03 1.61E-02 2.06E-02 2.19E-02 1.91E-02 1.39E-02 8.67E-03 4.02E-03 2.12E-03 1.09E-03
 12 19 1.03E+00 1.02E+00 9.57E-01 9.02E-01 8.25E-01 7.53E-01 6.81E-01 5.62E-01 4.43E-01 3.21E-01
 12 20 4.10E-01 4.67E-01 4.84E-01 4.73E-01 4.25E-01 3.84E-01 3.53E-01 3.23E-01 2.98E-01 2.71E-01
 12 21 1.41E-01 1.55E-01 1.62E-01 1.57E-01 1.33E-01 1.12E-01 9.43E-02 7.33E-02 5.67E-02 4.07E-02
 12 22 8.04E-01 9.29E-01 9.56E-01 9.27E-01 8.28E-01 7.46E-01 6.86E-01 6.37E-01 6.01E-01 5.62E-01
 12 23 1.03E+00 9.93E-01 1.00E+00 9.92E-01 9.23E-01 8.41E-01 7.57E-01 6.27E-01 4.98E-01 3.62E-01
 12 24 6.42E-02 6.92E-02 7.32E-02 7.23E-02 6.06E-02 4.99E-02 4.02E-02 2.92E-02 2.17E-02 1.51E-02
 12 25 6.08E-01 6.38E-01 6.25E-01 5.85E-01 5.20E-01 4.74E-01 4.31E-01 3.60E-01 2.87E-01 2.09E-01
 13 14 1.15E+00 1.09E+00 1.09E+00 1.01E+00 8.13E-01 6.56E-01 5.36E-01 4.19E-01 3.31E-01 2.42E-01
 13 15 7.40E-01 7.79E-01 7.83E-01 7.41E-01 5.99E-01 4.85E-01 3.95E-01 3.04E-01 2.43E-01 1.89E-01
 13 16 8.13E-01 8.37E-01 8.50E-01 7.98E-01 6.06E-01 4.56E-01 3.40E-01 2.43E-01 1.97E-01 1.65E-01
 13 17 8.84E-01 8.39E-01 7.94E-01 7.23E-01 5.70E-01 4.58E-01 3.71E-01 2.85E-01 2.26E-01 1.71E-01
 13 18 5.61E-03 1.34E-02 1.63E-02 1.74E-02 1.58E-02 1.17E-02 7.35E-03 3.42E-03 1.80E-03 9.26E-04
 13 19 4.99E-01 5.35E-01 5.21E-01 5.13E-01 5.01E-01 4.76E-01 4.41E-01 3.70E-01 2.93E-01 2.12E-01
 13 20 4.25E-01 5.01E-01 5.20E-01 4.99E-01 4.33E-01 3.84E-01 3.50E-01 3.24E-01 3.09E-01 2.95E-01
 13 21 3.28E-01 3.55E-01 3.57E-01 3.43E-01 3.03E-01 2.73E-01 2.52E-01 2.34E-01 2.21E-01 2.06E-01
 13 22 4.67E-01 5.58E-01 5.76E-01 5.53E-01 4.85E-01 4.28E-01 3.84E-01 3.40E-01 3.05E-01 2.70E-01
 13 23 8.85E-01 8.54E-01 8.50E-01 8.43E-01 7.97E-01 7.40E-01 6.77E-01 5.68E-01 4.53E-01 3.30E-01
 13 24 6.13E-02 6.74E-02 7.10E-02 6.93E-02 5.68E-02 4.57E-02 3.59E-02 2.53E-02 1.84E-02 1.26E-02
 13 25 5.68E-01 6.04E-01 5.95E-01 5.58E-01 4.94E-01 4.49E-01 4.08E-01 3.41E-01 2.72E-01 1.99E-01
 14 15 2.45E-01 2.38E-01 2.20E-01 1.93E-01 1.45E-01 1.11E-01 8.52E-02 5.95E-02 4.41E-02 3.17E-02
 14 16 6.02E-01 6.31E-01 6.30E-01 5.94E-01 4.81E-01 3.91E-01 3.21E-01 2.50E-01 2.02E-01 1.58E-01
 14 17 9.15E-01 8.54E-01 8.40E-01 7.88E-01 6.14E-01 4.80E-01 3.77E-01 2.86E-01 2.36E-01 1.97E-01
 14 18 3.97E-03 9.15E-03 1.07E-02 1.14E-02 1.08E-02 8.14E-03 5.16E-03 2.41E-03 1.27E-03 6.55E-04
 14 19 3.13E-01 3.26E-01 3.24E-01 3.31E-01 3.38E-01 3.28E-01 3.09E-01 2.62E-01 2.08E-01 1.51E-01
 14 20 3.63E-01 4.24E-01 4.37E-01 4.20E-01 3.68E-01 3.28E-01 2.99E-01 2.73E-01 2.54E-01 2.34E-01
 14 21 3.28E-01 3.84E-01 3.97E-01 3.80E-01 3.31E-01 2.96E-01 2.73E-01 2.61E-01 2.58E-01 2.54E-01
 14 22 1.82E-01 2.26E-01 2.33E-01 2.21E-01 1.89E-01 1.63E-01 1.40E-01 1.15E-01 9.36E-02 7.26E-02
 14 23 6.45E-01 6.15E-01 6.14E-01 6.12E-01 5.84E-01 5.46E-01 5.02E-01 4.24E-01 3.38E-01 2.47E-01
 14 24 4.33E-02 6.08E-02 6.87E-02 6.56E-02 5.23E-02 4.22E-02 3.25E-02 2.13E-02 1.48E-02 9.78E-03
 14 25 4.58E-01 4.77E-01 4.68E-01 4.37E-01 3.82E-01 3.44E-01 3.10E-01 2.57E-01 2.04E-01 1.48E-01
 15 16 2.00E+00 1.87E+00 1.70E+00 1.52E+00 1.19E+00 9.53E-01 7.70E-01 6.03E-01 4.85E-01 3.70E-01
 15 17 4.03E-01 3.68E-01 3.22E-01 2.70E-01 1.94E-01 1.45E-01 1.06E-01 7.12E-02 5.18E-02 3.68E-02
 15 18 5.37E-03 8.74E-03 1.18E-02 1.41E-02 1.33E-02 9.97E-03 6.31E-03 2.95E-03 1.56E-03 8.01E-04
 15 19 1.27E+00 1.36E+00 1.41E+00 1.40E+00 1.22E+00 1.05E+00 9.00E-01 7.23E-01 5.69E-01 4.13E-01
 15 20 3.01E-01 3.45E-01 3.92E-01 3.97E-01 3.44E-01 2.95E-01 2.51E-01 1.96E-01 1.51E-01 1.09E-01
 15 21 1.39E-01 1.47E-01 1.65E-01 1.74E-01 1.68E-01 1.57E-01 1.45E-01 1.21E-01 9.57E-02 6.93E-02
 15 22 9.10E-01 1.14E+00 1.30E+00 1.32E+00 1.18E+00 1.05E+00 9.51E-01 8.87E-01 8.68E-01 8.59E-01
 15 23 1.17E+00 1.06E+00 1.04E+00 1.01E+00 8.96E-01 7.81E-01 6.77E-01 5.41E-01 4.22E-01 3.04E-01
 15 24 6.82E-02 7.41E-02 7.88E-02 8.08E-02 7.96E-02 7.58E-02 7.03E-02 5.89E-02 4.64E-02 3.34E-02
 15 25 3.96E-01 3.65E-01 3.45E-01 3.27E-01 2.93E-01 2.60E-01 2.30E-01 1.90E-01 1.51E-01 1.11E-01
 16 17 1.90E+00 1.70E+00 1.52E+00 1.33E+00 1.05E+00 8.61E-01 7.16E-01 5.76E-01 4.67E-01 3.57E-01
 16 18 3.71E-03 7.07E-03 9.53E-03 1.20E-02 1.23E-02 9.37E-03 5.98E-03 2.81E-03 1.48E-03 7.63E-04
 16 19 9.63E-01 1.02E+00 1.04E+00 1.03E+00 9.13E-01 8.02E-01 7.05E-01 5.78E-01 4.58E-01 3.33E-01
 16 20 5.31E-01 6.33E-01 7.11E-01 7.23E-01 6.58E-01 5.99E-01 5.59E-01 5.33E-01 5.24E-01 5.17E-01
 16 21 1.96E-01 2.26E-01 2.55E-01 2.49E-01 2.01E-01 1.62E-01 1.29E-01 9.42E-02 7.09E-02 5.10E-02
 16 22 4.31E-01 5.29E-01 6.11E-01 6.23E-01 5.46E-01 4.73E-01 4.12E-01 3.49E-01 3.07E-01 2.70E-01
 16 23 1.00E+00 9.10E-01 9.00E-01 8.83E-01 7.90E-01 6.95E-01 6.05E-01 4.83E-01 3.76E-01 2.70E-01
 16 24 6.66E-02 7.90E-02 8.79E-02 8.91E-02 8.31E-02 7.63E-02 6.90E-02 5.67E-02 4.45E-02 3.20E-02
 16 25 5.19E-01 4.69E-01 4.10E-01 3.57E-01 2.93E-01 2.50E-01 2.16E-01 1.75E-01 1.39E-01 1.02E-01
 17 18 2.92E-03 5.56E-03 6.78E-03 8.64E-03 9.62E-03 7.58E-03 4.90E-03 2.31E-03 1.22E-03 6.29E-04
 17 19 6.76E-01 7.37E-01 7.62E-01 7.57E-01 6.78E-01 5.99E-01 5.29E-01 4.37E-01 3.48E-01 2.53E-01
 17 20 3.39E-01 4.02E-01 4.57E-01 4.53E-01 3.81E-01 3.21E-01 2.73E-01 2.30E-01 2.07E-01 1.90E-01
 17 21 3.62E-01 4.57E-01 5.20E-01 5.19E-01 4.53E-01 4.01E-01 3.66E-01 3.49E-01 3.49E-01 3.52E-01
 17 22 2.35E-01 2.65E-01 3.04E-01 3.17E-01 2.90E-01 2.59E-01 2.29E-01 1.86E-01 1.49E-01 1.12E-01
 17 23 7.67E-01 6.98E-01 6.84E-01 6.64E-01 5.95E-01 5.25E-01 4.60E-01 3.70E-01 2.90E-01 2.09E-01
 17 24 5.45E-02 6.97E-02 8.08E-02 8.19E-02 7.40E-02 6.63E-02 5.87E-02 4.74E-02 3.69E-02 2.63E-02
 17 25 4.56E-01 4.28E-01 3.74E-01 3.17E-01 2.50E-01 2.07E-01 1.75E-01 1.39E-01 1.10E-01 8.02E-02
 18 19 5.02E-04 1.03E-03 1.30E-03 1.61E-03 1.59E-03 1.20E-03 7.60E-04 3.57E-04 1.89E-04 9.72E-05
 18 20 1.89E-02 1.66E-02 1.63E-02 1.76E-02 1.61E-02 1.16E-02 7.09E-03 3.24E-03 1.69E-03 8.67E-04
 18 21 5.70E-03 5.97E-03 6.51E-03 8.25E-03 8.51E-03 6.42E-03 4.07E-03 1.92E-03 1.02E-03 5.26E-04
 18 22 2.86E-02 2.46E-02 2.37E-02 2.42E-02 2.11E-02 1.51E-02 9.25E-03 4.23E-03 2.22E-03 1.14E-03
 18 23 5.32E-03 4.31E-03 4.03E-03 4.22E-03 4.07E-03 3.08E-03 1.95E-03 9.11E-04 4.81E-04 2.47E-04
 18 24 3.14E-04 7.77E-04 9.95E-04 1.24E-03 1.29E-03 9.77E-04 6.19E-04 2.89E-04 1.52E-04 7.83E-05
 18 25 3.13E-03 2.86E-03 3.90E-03 5.59E-03 5.31E-03 3.74E-03 2.26E-03 1.02E-03 5.29E-04 2.70E-04
 19 20 2.26E-01 2.59E-01 2.46E-01 2.24E-01 2.04E-01 1.92E-01 1.78E-01 1.50E-01 1.19E-01 8.58E-02
 19 21 1.26E-01 1.44E-01 1.34E-01 1.22E-01 1.14E-01 1.09E-01 1.03E-01 8.77E-02 6.97E-02 5.04E-02
 19 22 3.75E-01 4.21E-01 3.95E-01 3.55E-01 3.12E-01 2.86E-01 2.61E-01 2.17E-01 1.71E-01 1.23E-01
 19 23 2.31E+00 2.08E+00 2.10E+00 1.96E+00 1.50E+00 1.16E+00 8.90E-01 6.43E-01 5.22E-01 4.44E-01
 19 24 1.17E-02 9.91E-03 9.47E-03 8.51E-03 6.04E-03 4.13E-03 2.59E-03 1.27E-03 7.12E-04 3.93E-04
 19 25 3.01E-01 3.40E-01 3.55E-01 3.33E-01 2.57E-01 2.00E-01 1.53E-01 1.07E-01 8.61E-02 7.37E-02
 20 21 3.66E-01 4.16E-01 4.54E-01 4.59E-01 4.04E-01 3.45E-01 2.95E-01 2.42E-01 1.95E-01 1.45E-01
 20 22 6.07E-01 6.84E-01 7.38E-01 7.47E-01 6.46E-01 5.36E-01 4.41E-01 3.42E-01 2.69E-01 2.00E-01
 20 23 3.89E-01 4.34E-01 4.51E-01 4.35E-01 3.88E-01 3.48E-01 3.12E-01 2.57E-01 2.04E-01 1.47E-01
 20 24 8.73E-02 1.03E-01 1.09E-01 1.09E-01 1.01E-01 9.18E-02 8.36E-02 7.14E-02 5.78E-02 4.26E-02
 20 25 4.02E-01 4.01E-01 3.77E-01 3.49E-01 2.96E-01 2.50E-01 2.09E-01 1.61E-01 1.23E-01 8.86E-02
 21 22 2.09E-01 2.36E-01 2.55E-01 2.66E-01 2.29E-01 1.83E-01 1.40E-01 9.53E-02 6.97E-02 5.00E-02
 21 23 2.43E-01 2.66E-01 2.73E-01 2.63E-01 2.34E-01 2.11E-01 1.90E-01 1.57E-01 1.25E-01 9.03E-02
 21 24 5.70E-02 6.79E-02 7.23E-02 7.19E-02 6.48E-02 5.78E-02 5.17E-02 4.32E-02 3.46E-02 2.53E-02
 21 25 2.19E-01 2.29E-01 2.23E-01 2.11E-01 1.79E-01 1.50E-01 1.24E-01 9.47E-02 7.26E-02 5.18E-02
 22 23 5.38E-01 6.06E-01 6.29E-01 6.10E-01 5.46E-01 4.91E-01 4.39E-01 3.60E-01 2.84E-01 2.06E-01
 22 24 1.19E-01 1.34E-01 1.41E-01 1.43E-01 1.36E-01 1.27E-01 1.18E-01 1.02E-01 8.31E-02 6.12E-02
 22 25 4.87E-01 4.86E-01 4.67E-01 4.44E-01 3.87E-01 3.33E-01 2.83E-01 2.22E-01 1.72E-01 1.24E-01
 23 24 1.44E-01 1.73E-01 2.04E-01 2.10E-01 1.79E-01 1.47E-01 1.17E-01 8.44E-02 6.85E-02 5.93E-02
 23 25 9.95E-01 1.43E+00 1.41E+00 1.20E+00 8.67E-01 6.75E-01 5.44E-01 4.44E-01 4.03E-01 3.77E-01
 24 25 2.71E-01 2.91E-01 2.52E-01 2.11E-01 1.60E-01 1.28E-01 1.07E-01 1.00E-01 1.06E-01 1.15E-01
*** Fe III      'effective collision strengths Omega'
*** ATOM        'iron'
*** SPECTRUM 3
*** N_LEVELS 25
*** T_UNIT	'K' 
*** SOURCE1	'Badnell, N. R. & Ballance, C. P. 2014, ApJ 785, 99; APAP Web site' 
*** NOTE1 	'Effective Collision Strengths Omega' 
*** GSCONFIG d6