Energy Stat_Weight Aij 
     cm-1       none  1/s      1/s      1/s      1/s      1/s      1/s      1/s      1/s      1/s      1/s      1/s      1/s      1/s      1/s      1/s      1/s      1/s      1/s
1     0.00000000    3  0.00e+0  0.00e+0  0.00e+0  0.00e+0  0.00e+0  0.00e+0  0.00e+0  0.00e+0  0.00e+0  0.00e+0  0.00e+0  0.00e+0  0.00e+0  0.00e+0  0.00e+0  0.00e+0  0.00e+0  0.00e+0
2     67.7200000    5  0.00e+0  0.00e+0  0.00e+0  0.00e+0  0.00e+0  0.00e+0  0.00e+0  0.00e+0  0.00e+0  0.00e+0  0.00e+0  0.00e+0  0.00e+0  0.00e+0  0.00e+0  0.00e+0  0.00e+0  0.00e+0
3 4s3D3 177.760000    7  0.00e+0  0.00e+0  0.00e+0  0.00e+0  0.00e+0  0.00e+0  0.00e+0  0.00e+0  0.00e+0  0.00e+0  0.00e+0  0.00e+0  0.00e+0  0.00e+0  0.00e+0  0.00e+0  0.00e+0  0.00e+0
4 4s1D 2540.95000    5  5.41E-4  9.26e-5  4.52e-4  0.00e+0  0.00e+0  0.00e+0  0.00e+0  0.00e+0  0.00e+0  0.00e+0  0.00e+0  0.00e+0  0.00e+0  0.00e+0  0.00e+0  0.00e+0  0.00e+0  0.00e+0
5     4802.87000    5  3.53E-3  2.35E-3  2.09E-4  6.68e-5  0.00e+0  0.00e+0  0.00e+0  0.00e+0  0.00e+0  0.00e+0  0.00e+0  0.00e+0  0.00e+0  0.00e+0  0.00e+0  0.00e+0  0.00e+0  0.00e+0
6     4883.57000    7  1.37E-3  3.19E-3  1.71E-3  1.06e-4  1.35E-5  0.00e+0  0.00e+0  0.00e+0  0.00e+0  0.00e+0  0.00e+0  0.00e+0  0.00e+0  0.00e+0  0.00e+0  0.00e+0  0.00e+0  0.00e+0
7 3F4 4987.79000    9  0.00e+0  1.19E-3  5.29E-3  2.87e-8 2.6e-13  2.29E-5  0.00e+0  0.00e+0  0.00e+0  0.00e+0  0.00e+0  0.00e+0  0.00e+0  0.00e+0  0.00e+0  0.00e+0  0.00e+0  0.00e+0
8 1D  10944.5600    5  9.29e-4  1.75e-3  1.08e-3  7.93e-2  8.36e-4  1.63e-3  4.94e-5  0.00e-0  0.00e-0  0.00e-0  0.00e-0  0.00e-0  0.00e-0  0.00e-0  0.00e-0  0.00e-0  0.00e-0  0.00e-0
9 1S  11736.3600    1  1.00e-4  1.00e-6  0.00e-0  1.00e-5  0.00e-0  0.00e-0  0.00e-0  0.00e-0  0.00e-0  0.00e-0  0.00e-0  0.00e-0  0.00e-0  0.00e-0  0.00e-0  0.00e-0  0.00e-0  0.00e-0
10    12074.1000    1  7.31e-7  6.36E-1  0.00e-0  2.74e-4  3.00E-2  0.00e-0  0.00e-0  0.00e-0  0.00e-0  0.00e-0  0.00e-0  0.00e-0  0.00e-0  0.00e-0  0.00e-0  0.00e-0  0.00e-0  0.00e-0
11    12101.5000    3  2.98E-1  5.00E-2  2.95E-1  2.72e-4  1.02E-2  1.93E-2  0.00e-0  1.56e-4  0.00e-0  3.68E-7  0.00e-0  0.00e-0  0.00e-0  0.00e-0  0.00e-0  0.00e-0  0.00e-0  0.00e-0
12 3P2 12154.4200    5  6.36E-2  2.39E-1  3.66E-1  1.30e-3  9.50E-4  6.08E-3  2.17E-2  3.19e-4  0.00e-0  9.3e-13  1.99E-6  0.00e-0  0.00e-0  0.00e-0  0.00e-0  0.00e-0  0.00e-0  0.00e-0
13 1G 14261.3200    9  0.00e-0  1.27E-3  5.56E-5  3.48e-1  1.24e-4  7.41E-4  1.19E-3  6.46e-4  0.00e-0  0.00e-0  0.00e-0  3.06e-7  0.00e-0  0.00e-0  0.00e-0  0.00e-0  0.00e-0  0.00e-0
14 1S 25955.2000    1  7.6e-10  1.44e-2  0.00e-0  8.79e-0  9.13e-3  0.00e-0  0.00e-0  6.23e-0  0.00e-0  1.50e-2  2.00e-2  0.00e-0  0.00e-0  0.00e-0  0.00e-0  0.00e-0  0.00e-0  0.00e-0
15 1D* 26081.3400    5  8.80e+5  1.69e+6  3.00e+5  1.29e+8  0.00e+0  0.00e+0  0.00e+0  0.00e+0  0.00e+0  0.00e+0  0.00e+0  0.00e+0  0.00e+0  0.00e+0  0.00e+0  0.00e+0  0.00e+0  0.00e+0
16    27443.7100    5  1.13e+8  3.00e+7  1.60e+6  1.8e+06  1.47e+7  7.3e+05  0.00e+0  0.00e+0  0.00e+0  0.00e+0  0.00e+0  0.00e+0  0.00e+0  0.00e+0  0.00e+0  0.00e+0  0.00e+0  0.00e+0
17    27602.4500    7  0.00e+0  1.20e+8  2.74e+7  1.6e+05  1.23e+6  1.43e+7  2.6e+05  0.00e+0  0.00e+0  0.00e+0  0.00e+0  0.00e+0  0.00e+0  0.00e+0  0.00e+0  0.00e+0  0.00e+0  0.00e+0
18 3F4* 27841.3500    9  0.00e+0  0.00e+0  1.48e+8  0.00e+0  0.00e+0  1.03e+6  1.48e+7  0.00e+0  0.00e+0  0.00e+0  0.00e+0  0.00e+0  0.00e+0  0.00e+0  0.00e+0  0.00e+0  0.00e+0  0.00e+0
19    27917.7800    3  1.23e+8  4.6e+07  0.00e+0  0.00e+0  4.3e+07  0.00e+0  0.00e+0  7.6e+04  0.00e+0  0.00e+0  0.00e+0  0.00e+0  0.00e+0  0.00e+0  0.00e+0  0.00e+0  0.00e+0  0.00e+0
20    28021.2900    5  3.5e+07  1.06e+8  2.9e+07  0.00e+0  3.6e+06  4.0e+07  0.00e+0  0.00e+0  0.00e+0  0.00e+0  0.00e+0  0.00e+0  0.00e+0  0.00e+0  0.00e+0  0.00e+0  0.00e+0  0.00e+0
21 3D3* 28161.1700    7  0.00e+0  3.0e+07  1.38e+8  0.00e+0  0.00e+0  2.1e+06  4.1e+07  0.00e+0  0.00e+0  0.00e+0  0.00e+0  0.00e+0  0.00e+0  0.00e+0  0.00e+0  0.00e+0  0.00e+0  0.00e+0
*** Sc II       'Energy and transition probability data'
*** N_LEVELS 21
*** NOTE0 	'Iso Ca' 
*** SOURCE1	'Johansson, S. & Litzén, U. 1980, Phys. Scr. 22, 49' 
*** NOTE1 	'Energy levels 3D, 1D, 3F, 1D, 1S, 3P, 1G, 1S, 1D*, 3F*, 3D*... different from Ti_III, etc.' 
*** SOURCE2	'Bautista et al 2009 MNRAS 393, 1503: permitted, some forbidden; 5-13 --> 1-12 only; ATT: Aij of lev 2 3 4 8 9 14 lacking' 
*** SOURCE3	'Lundin, P. et al. 2008, Phys. Scr. 78, 015301: all forbidden except for 1S0' 
*** NOTE2	'Transition Probabilities, Aij'
*** NOTE3	'DP: ATT! no Aij available for level 9: 3p6.4s2 1S0; arbitrary values adopted'
*** GSCONFIG d2
