  0  0     30.    100.    300.   1000.   2000.   5000.  10000.  20000.  50000.
  1  2  6.2900  5.6600  5.9700  7.0000  6.7800  5.8500  5.3600  4.8100  3.6200
  1  3  3.5000  3.9900  4.1500  4.0800  3.8100  3.3800  3.2400  3.0700  2.5100
  1  4  2.5100  2.6000  2.5600  2.4000  2.2500  2.1300  2.0400  1.8600  1.5100
  1  5  1.5000  1.4800  1.3600  1.3300  1.5100  1.9600  2.2600  2.2500  1.8100
  1  6  1.1500  1.2000  1.1400  1.1400  1.2400  1.5700  1.7700  1.7200  1.3800
  1  7  0.3540  0.3510  0.3490  0.3630  0.3960  0.5270  0.6300  0.6280  0.5140
  1  8  1.1400  1.1800  1.2300  1.2500  1.2800  1.3100  1.2300  1.0300  0.7110
  1  9  0.2130  0.2540  0.2980  0.3290  0.3170  0.2950  0.2930  0.2950  0.3000
  1 10  0.2240  0.2460  0.2580  0.3140  0.3570  0.4160  0.4390  0.3850  0.2550
  1 11  0.7050  0.6970  0.7210  0.9400  1.1000  1.2300  1.2300  1.0800  0.7970
  1 12  0.5030  0.5370  0.5930  0.7830  0.9110  0.9990  0.9740  0.8340  0.5940
  1 13  1.8900  2.0600  2.1600  2.2400  2.2000  2.1100  1.9200  1.6200  1.2100
  1 14  0.1450  0.2160  0.3180  0.3290  0.2940  0.2230  0.1680  0.1310  0.0977
  1 15  2.8500  2.0100  1.4700  1.1900  0.9680  0.6890  0.5650  0.5120  0.4610
  1 16  9.1600  9.4700  9.2900  9.0400  9.0600  9.3900  9.8900 10.5000 11.3000
  1 17  1.1400  1.1900  1.1400  0.9670  0.8530  0.7520  0.7380  0.7940  0.8040
  1 18  0.6400  0.6970  0.6740  0.5460  0.4600  0.3880  0.3670  0.3600  0.3150
  1 19  5.4400  5.4800  5.4500  5.6000  5.7700  6.1700  6.7100  7.6700  9.0300
  1 20  3.7900  4.0700  4.2100  4.3700  4.4700  4.6900  4.9600  5.3100  5.6700
  1 21  0.3400  0.4020  0.4470  0.4180  0.3740  0.3400  0.3390  0.3640  0.3630
  2  3  6.6600  8.3500  9.9300 11.1000 10.6000  9.1800  8.5400  7.8400  6.0900
  2  4  4.3800  4.6400  4.6100  4.3800  4.1400  3.9300  3.7400  3.3900  2.7200
  2  5  1.7500  1.7800  1.6400  1.5500  1.6600  2.0700  2.3300  2.2700  1.7800
  2  6  1.7200  1.7600  1.6500  1.7100  1.9800  2.6300  3.0500  3.0400  2.4500
  2  7  1.3200  1.3300  1.3700  1.4400  1.6100  2.0700  2.3800  2.3300  1.8300
  2  8  1.8100  1.8800  1.9800  2.0300  2.0800  2.1300  2.0000  1.6800  1.1500
  2  9  0.3620  0.4250  0.4970  0.5480  0.5280  0.4910  0.4860  0.4780  0.4450
  2 10  0.3670  0.3900  0.3970  0.5210  0.6160  0.6740  0.6480  0.5590  0.4280
  2 11  0.8790  0.9310  0.9660  1.1800  1.3500  1.5100  1.5300  1.3100  0.8830
  2 12  1.1200  1.2000  1.3400  1.7700  2.0600  2.2800  2.2600  1.9700  1.4100
  2 13  3.1500  3.4200  3.5900  3.7300  3.6700  3.5300  3.2300  2.7000  1.9300
  2 14  0.2920  0.3510  0.4560  0.4930  0.4540  0.3550  0.2720  0.2070  0.1450
  2 15  2.2400  2.0200  1.9900  1.8300  1.5300  1.1100  0.9180  0.8230  0.7270
  2 16  6.3700  6.4500  5.9000  5.3300  5.1200  5.1000  5.3300  5.7300  6.2600
  2 17 11.8000 12.4000 12.3000 12.1000 12.2000 12.4000 12.9000 13.4000 13.8000
  2 18  1.7700  1.9600  1.9100  1.5700  1.3700  1.1900  1.1500  1.1200  0.9740
  2 19  2.4400  2.6400  2.5500  2.4700  2.4800  2.5800  2.8000  3.2800  3.9800
  2 20  5.5300  6.2700  6.5700  6.8500  7.0500  7.4900  8.0500  8.8300  9.9000
  2 21  4.9100  5.6100  5.9400  6.1300  6.2200  6.4200  6.6400  6.9000  7.0500
  3  4  5.0500  5.4500  5.4600  5.1800  4.9300  4.8100  4.6900  4.3100  3.5300
  3  5  1.1000  1.1000  0.8770  0.7040  0.7030  0.8670  0.9970  0.9580  0.7040
  3  6  2.1200  2.1800  1.9700  1.9000  2.0500  2.6000  2.9500  2.8800  2.2800
  3  7  3.4200  3.4700  3.6600  4.0000  4.6400  6.0500  6.8400  6.6600  5.3000
  3  8  2.2900  2.4300  2.5600  2.6300  2.7100  2.8100  2.6300  2.1900  1.5000
  3  9  0.4930  0.5770  0.6790  0.7560  0.7310  0.6810  0.6730  0.6710  0.6600
  3 10  0.2410  0.2680  0.2750  0.3320  0.3770  0.4070  0.3910  0.3300  0.2300
  3 11  1.1700  1.1400  1.1200  1.4000  1.6200  1.7600  1.6900  1.4400  1.0400
  3 12  2.2000  2.3800  2.6000  3.3400  3.8300  4.2100  4.1500  3.5800  2.5600
  3 13  4.3900  4.7700  5.0100  5.2100  5.1200  4.9400  4.5300  3.8000  2.7900
  3 14  0.4800  0.5080  0.5920  0.6380  0.5990  0.4780  0.3720  0.2900  0.2120
  3 15  2.4100  2.3100  1.9800  1.8600  1.6100  1.1800  0.9610  0.8530  0.7310
  3 16  2.6300  2.9400  2.4100  1.7000  1.3800  1.1200  1.0600  1.1000  1.1400
  3 17  9.5000  9.3400  8.8300  8.0400  7.7300  7.6600  7.9300  8.5300  9.3000
  3 18 16.4000 18.0000 18.7000 19.1000 19.3000 19.6000 19.9000 20.3000 20.4000
  3 19  0.4120  0.4770  0.4340  0.3450  0.2920  0.2500  0.2920  0.6870  1.1900
  3 20  2.4900  2.8900  2.7900  2.6500  2.6200  2.6900  2.8700  3.1800  3.6600
  3 21  9.8900 11.3000 11.8000 12.2000 12.5000 13.2000 14.1000 15.2000 16.7000
  4  5  1.7500  1.6600  1.5100  1.4400  1.4800  1.7400  1.8100  1.6400  1.2100
  4  6  1.7100  1.8200  1.9100  1.9600  2.0500  2.4200  2.5300  2.2900  1.7200
  4  7  1.9600  2.1900  2.5300  2.5900  2.6900  3.1800  3.3100  2.9900  2.2400
  4  8  7.3900  7.8000  8.3300  8.1900  7.6900  7.3100  6.9800  6.0300  4.4600
  4  9  0.9820  1.2500  1.5800  1.4900  1.3600  1.2200  1.1100  0.9700  0.7750
  4 10  0.4060  0.4290  0.4380  0.4310  0.4050  0.3740  0.3340  0.2700  0.1850
  4 11  1.2500  1.3000  1.3300  1.3000  1.2200  1.1200  1.0100  0.8150  0.5460
  4 12  1.9200  2.0800  2.2500  2.2300  2.1000  1.9500  1.7700  1.4400  0.9800
  4 13  3.5500  3.9400  4.3700  4.6600  4.8600  5.7500  5.9600  5.2700  3.9200
  4 14  0.8370  1.0400  1.0700  0.8700  0.7580  0.5980  0.4770  0.3880  0.3140
  4 15 18.9000 21.1000 21.9000 22.4000 23.0000 24.3000 25.9000 28.0000 30.7000
  4 16  1.0200  1.0500  1.0500  1.0200  0.9710  0.9190  0.9290  0.9470  0.8950
  4 17  1.0500  1.2000  1.2600  1.1700  1.0700  0.9700  0.9650  0.9870  0.9210
  4 18  1.1500  1.3500  1.4400  1.4100  1.3300  1.2300  1.2300  1.2100  1.0300
  4 19  0.5410  0.5160  0.4650  0.4250  0.3980  0.3730  0.3890  0.4920  0.5900
  4 20  0.6850  0.7470  0.7060  0.6520  0.6190  0.5980  0.6160  0.6250  0.5630
  4 21  0.7630  0.8390  0.8840  0.9000  0.8820  0.8690  0.8950  0.9040  0.8120
  5  6  6.1800  6.6300  6.8600  8.3000  8.7600  8.6400  8.0700  7.0600  5.3800
  5  7  2.8000  2.8800  2.9700  3.1500  3.2600  3.4200  3.4400  3.1800  2.5400
  5  8  4.5200  4.4500  4.2100  3.7500  3.4600  3.2000  3.0000  2.7000  2.1700
  5  9  0.1080  0.1500  0.1850  0.1740  0.1610  0.1550  0.1410  0.1170  0.0868
  5 10  0.6140  0.6800  0.7150  0.8640  0.9640  0.9480  0.8510  0.7180  0.5550
  5 11  1.8500  1.8500  1.9300  2.2500  2.5300  2.5500  2.2800  1.9000  1.4000
  5 12  1.7500  1.9500  2.1200  2.3500  2.4900  2.4800  2.2700  1.9300  1.4400
  5 13  4.7900  5.1800  5.3600  5.4900  5.5000  5.3200  4.9500  4.3700  3.4500
  5 14  0.0475  0.1200  0.2060  0.2320  0.2100  0.1680  0.1400  0.1190  0.0958
  5 15  2.5600  2.0500  1.6700  1.3600  1.1100  0.8020  0.6770  0.6230  0.5540
  5 16  5.8900  6.3700  6.3500  6.1300  6.0600  6.1800  6.5100  6.9700  7.4000
  5 17  1.5600  1.6000  1.5000  1.3300  1.2500  1.2200  1.2800  1.3600  1.3300
  5 18  0.3250  0.3510  0.3220  0.2800  0.2590  0.2590  0.3040  0.3470  0.3220
  5 19  7.3200  7.5500  7.6400  7.7500  7.8800  8.2700  8.9100  9.8900 11.2000
  5 20  1.2100  1.3400  1.3500  1.3100  1.3000  1.3200  1.4100  1.4900  1.4800
  5 21  0.3270  0.3670  0.3880  0.3950  0.4000  0.4280  0.4820  0.5210  0.4780
  6  7  7.2500  7.7000  8.7100 10.6000 11.1000 11.0000 10.3000  9.1400  7.1400
  6  8  6.2300  5.8800  5.5000  4.9200  4.5300  4.1600  3.8800  3.4800  2.8100
  6  9  0.1380  0.1860  0.2270  0.2230  0.2120  0.2090  0.1920  0.1840  0.2260
  6 10  0.8560  0.8480  0.8500  0.9610  1.0800  1.1100  0.9970  0.8170  0.5900
  6 11  2.1700  2.2800  2.3900  2.7700  3.0000  2.9600  2.6900  2.3000  1.7900
  6 12  2.9400  3.2700  3.6000  4.1300  4.5000  4.4900  4.0700  3.4400  2.6000
  6 13  6.6900  7.2300  7.4900  7.6700  7.6800  7.4400  6.9400  6.2000  5.1000
  6 14  0.0710  0.1310  0.2280  0.2920  0.2750  0.2250  0.1910  0.1830  0.1800
  6 15  0.8650  1.2100  1.5800  1.5200  1.2900  0.9620  0.8270  0.8170  0.8040
  6 16  3.4300  2.8100  2.2700  1.5700  1.2200  0.9600  0.9400  1.0100  0.9880
  6 17  7.7100  8.0000  8.0700  7.8400  7.7600  7.8800  8.2600  8.9300  9.6000
  6 18  1.4900  1.6900  1.6400  1.4500  1.3500  1.3200  1.4100  1.5400  1.5200
  6 19  1.3700  1.3200  0.9900  0.7470  0.6750  0.6380  0.7220  1.2200  1.8100
  6 20  9.9300 11.1000 11.6000 11.8000 12.1000 12.7000 13.7000 15.2000 17.3000
  6 21  1.1200  1.2500  1.2600  1.2400  1.2300  1.2700  1.3700  1.5200  1.5300
  7  8  7.8400  7.3400  6.7000  5.9200  5.4400  4.9700  4.6400  4.1500  3.3300
  7  9  0.1630  0.2250  0.2860  0.2820  0.2670  0.2630  0.2430  0.2410  0.3210
  7 10  0.8250  0.7700  0.7620  0.8020  0.8200  0.8140  0.7710  0.6780  0.5190
  7 11  2.2600  2.3900  2.5500  2.8700  3.0900  3.1300  2.8700  2.4300  1.8200
  7 12  4.7000  5.2100  5.7300  6.7800  7.4700  7.4200  6.6900  5.6500  4.3300
  7 13  8.5800  9.2700  9.6000  9.8400  9.8600  9.5600  8.9300  7.9900  6.6200
  7 14  0.3220  0.3670  0.3780  0.3860  0.3510  0.2840  0.2400  0.2310  0.2300
  7 15  1.7400  1.7500  1.7600  1.7400  1.5100  1.1500  0.9930  0.9810  0.9580
  7 16  0.9220  1.2200  1.0900  0.7540  0.5780  0.4500  0.4560  0.5460  0.5990
  7 17  3.2400  3.3300  3.0000  2.1500  1.7500  1.4700  1.5200  1.8200  2.0500
  7 18  9.0500  9.9800 10.0000  9.6900  9.5800  9.6900 10.1000 10.7000 11.0000
  7 19  0.3380  0.3890  0.3250  0.2450  0.2240  0.2280  0.3560  1.1200  2.0700
  7 20  1.2400  1.2900  1.0800  0.8800  0.8220  0.8090  0.8650  0.9500  0.9340
  7 21 14.6000 16.6000 17.2000 17.4000 17.7000 18.6000 19.9000 22.1000 25.0000
  8  9  1.8700  2.2800  2.3800  1.9300  1.6900  1.6200  1.5200  1.2700  0.8710
  8 10  0.2960  0.3360  0.4170  0.5040  0.5480  0.5810  0.5660  0.5060  0.3910
  8 11  0.8670  1.0400  1.3000  1.5300  1.6300  1.7100  1.6500  1.4800  1.1700
  8 12  2.5800  3.1400  3.6000  3.7900  3.8400  3.8200  3.6400  3.2100  2.4300
  8 13  3.7300  3.9800  4.0700  4.5600  5.3700  6.6300  6.7100  5.8800  4.3900
  8 14  1.3400  1.7500  2.3600  2.2100  1.9600  1.6100  1.3300  1.1300  1.0100
  8 15  4.8600  5.3700  5.3900  5.1700  5.0500  4.8500  4.7700  4.7700  4.6300
  8 16  0.8840  0.9800  1.0800  0.9820  0.8780  0.7410  0.6980  0.6870  0.6130
  8 17  1.7200  1.8700  1.7300  1.3600  1.1800  0.9740  0.9100  0.9090  0.8370
  8 18  1.5500  1.5700  1.4300  1.3200  1.2300  1.0800  1.0400  1.0300  0.9090
  8 19  0.5690  0.5750  0.5640  0.5960  0.5730  0.4990  0.4730  0.5220  0.5520
  8 20  0.7260  0.8330  0.8000  0.7600  0.7220  0.6600  0.6510  0.6570  0.5870
  8 21  0.8880  0.9450  0.9840  1.0200  0.9940  0.9240  0.9120  0.9030  0.7880
  9 10  0.0729  0.0678  0.0590  0.0556  0.0518  0.0507  0.0498  0.0434  0.0304
  9 11  0.1730  0.1610  0.1490  0.1490  0.1390  0.1330  0.1230  0.1000  0.0650
  9 12  0.2290  0.2210  0.2400  0.2530  0.2390  0.2340  0.2180  0.1890  0.1670
  9 13  0.1010  0.1080  0.1220  0.2200  0.4130  0.7200  0.7800  0.7480  0.7340
  9 14  1.4100  1.8500  2.3700  2.1000  1.8400  1.4900  1.2200  1.0100  0.7890
  9 15  0.5810  0.6650  0.5950  0.4660  0.4030  0.3020  0.2550  0.2760  0.3070
  9 16  0.2970  0.2950  0.2380  0.1660  0.1300  0.0942  0.0973  0.1560  0.2150
  9 17  0.3910  0.3510  0.2750  0.1990  0.1610  0.1220  0.1430  0.3120  0.5130
  9 18  0.1720  0.1620  0.1740  0.1760  0.1570  0.1310  0.1450  0.1870  0.1990
  9 19  0.0378  0.0489  0.0626  0.0837  0.0845  0.0780  0.1430  0.6610  1.3400
  9 20  0.1240  0.1260  0.1160  0.1190  0.1110  0.1000  0.0996  0.1260  0.1460
  9 21  0.0870  0.1030  0.1420  0.1600  0.1510  0.1380  0.1430  0.2090  0.2760
 10 11  0.7740  0.7940  0.8990  1.1200  1.2700  1.3500  1.2800  1.0800  0.7630
 10 12  0.6990  0.7930  0.8440  0.9190  1.1700  1.4100  1.3100  1.0500  0.7200
 10 13  0.9920  1.0700  1.1100  1.1700  1.1500  1.0700  0.9860  0.8670  0.6970
 10 14  0.2440  0.2780  0.2880  0.2600  0.2200  0.1640  0.1260  0.0973  0.0702
 10 15  0.2220  0.2570  0.2810  0.2940  0.2650  0.2050  0.1690  0.1450  0.1150
 10 16  0.7320  0.7150  0.5170  0.3930  0.3330  0.2510  0.2180  0.2040  0.1730
 10 17  0.4480  0.4400  0.4700  0.4760  0.4290  0.3420  0.3070  0.2990  0.2810
 10 18  0.1020  0.1840  0.2530  0.2490  0.2190  0.1700  0.1510  0.1450  0.1300
 10 19  0.8270  1.0400  1.1400  1.1500  1.1500  1.1600  1.1900  1.2400  1.2400
 10 20  0.2150  0.2270  0.2210  0.2140  0.2050  0.1850  0.1790  0.1760  0.1550
 10 21  0.2610  0.3200  0.3970  0.4080  0.3700  0.2960  0.2590  0.2370  0.2000
 11 12  2.2100  2.6700  3.0200  3.4900  4.2300  4.8800  4.5700  3.7500  2.5900
 11 13  2.9800  3.2200  3.3400  3.5100  3.4600  3.2200  2.9500  2.6000  2.0800
 11 14  0.4390  0.5660  0.5700  0.4930  0.4310  0.3490  0.2890  0.2370  0.1750
 11 15  0.6630  0.6590  0.7360  0.8160  0.7480  0.5880  0.4930  0.4650  0.4250
 11 16  2.7600  2.6500  1.9500  1.4500  1.2000  0.9080  0.7940  0.7460  0.6560
 11 17  1.1400  0.9930  0.9950  1.0300  0.9280  0.7300  0.6500  0.6290  0.5620
 11 18  0.7580  0.9620  1.2800  1.2700  1.1200  0.8730  0.7810  0.7530  0.6730
 11 19  1.2000  1.3000  1.2200  1.1400  1.1000  1.0600  1.0700  1.1200  1.1300
 11 20  2.7300  2.9100  2.9400  2.9400  2.8800  2.7900  2.7800  2.8000  2.6700
 11 21  0.7180  0.7900  0.8740  0.9040  0.8500  0.7220  0.6620  0.6300  0.5380
 12 13  4.9400  5.3400  5.5400  5.8200  5.7500  5.3700  4.9400  4.3700  3.5600
 12 14  0.8630  1.0300  0.9810  0.8370  0.7330  0.5950  0.4930  0.4080  0.3120
 12 15  1.0800  1.0900  1.2400  1.4400  1.3300  1.0400  0.8540  0.7390  0.5960
 12 16  2.5700  2.6300  1.9900  1.4000  1.1400  0.8320  0.7040  0.6580  0.5900
 12 17  2.9300  2.5700  2.3300  2.2200  2.0000  1.6100  1.4500  1.4400  1.3700
 12 18  1.7500  2.3200  3.2300  3.2200  2.8000  2.1200  1.8600  1.7400  1.5000
 12 19  0.7190  0.9400  0.9000  0.7860  0.7070  0.5760  0.5380  0.7100  0.9140
 12 20  2.0500  2.1100  1.8500  1.6800  1.5800  1.4300  1.3700  1.3600  1.2500
 12 21  3.9400  4.4300  4.6800  4.8000  4.7300  4.5400  4.4800  4.4400  4.1100
 13 14  0.8840  1.0600  0.9610  0.9210  0.9400  0.8150  0.6500  0.5430  0.4550
 13 15  1.6900  1.6900  1.6000  1.9700  2.2500  2.2600  2.1000  2.0400  1.8900
 13 16  1.4000  1.5200  1.6300  1.5100  1.3800  1.2500  1.2400  1.3300  1.3100
 13 17  2.4300  2.6800  2.6700  2.2500  2.0200  1.8000  1.7900  2.1200  2.3800
 13 18  2.6400  2.8900  2.7900  2.4300  2.2800  2.1400  2.1300  2.1500  1.8900
 13 19  1.4300  1.3700  1.1800  0.9440  0.8530  0.7490  0.8590  1.9700  3.3900
 13 20  2.0200  2.1300  1.8300  1.4700  1.3500  1.2100  1.1600  1.1900  1.1100
 13 21  2.0200  2.1600  1.9900  1.8900  1.8700  1.7500  1.6900  1.7800  1.7300
 14 15  0.7380  0.9050  0.9630  0.8350  0.7170  0.5290  0.4070  0.3370  0.2730
 14 16  0.2790  0.3650  0.4510  0.4090  0.3660  0.2950  0.2540  0.2400  0.2180
 14 17  0.8810  0.9710  0.8310  0.6050  0.5160  0.4070  0.3540  0.3580  0.3610
 14 18  0.5630  0.6210  0.5490  0.5360  0.5180  0.4480  0.4030  0.3780  0.3310
 14 19  0.1720  0.1740  0.2170  0.2900  0.2910  0.2450  0.2210  0.3050  0.4170
 14 20  0.1910  0.2610  0.3360  0.3740  0.3570  0.3060  0.2680  0.2380  0.1900
 14 21  0.4360  0.5420  0.5610  0.5460  0.5030  0.4230  0.3690  0.3330  0.2760
 15 16  3.8000  3.8200  3.5600  3.2200  3.0300  2.8100  2.6600  2.4900  2.0800
 15 17  2.4100  2.3800  2.4500  2.3800  2.2800  2.1600  2.1500  2.2200  2.0900
 15 18  2.4300  2.7900  2.8800  2.7800  2.6600  2.5000  2.4600  2.4400  2.1400
 15 19  1.0800  1.0600  0.9390  0.8530  0.8240  0.8230  0.9120  1.2600  1.6200
 15 20  1.4000  1.5200  1.4300  1.3400  1.3000  1.3100  1.4000  1.5100  1.4900
 15 21  1.2400  1.5000  1.6200  1.6600  1.6600  1.6900  1.8100  1.9500  1.9000
 16 17  5.4000  5.5200  5.3300  4.9100  4.6700  4.4800  4.5900  4.8100  4.5400
 16 18  1.0600  1.1800  1.1700  1.0600  0.9870  0.9340  1.0100  1.1200  1.0400
 16 19  2.2400  2.4600  2.3200  2.1700  2.1100  2.1100  2.2300  2.6700  3.0200
 16 20  3.5700  3.8300  3.8400  3.8000  3.7400  3.6800  3.6900  3.6600  3.2900
 16 21  1.0900  1.3200  1.4800  1.5400  1.5200  1.5100  1.5900  1.7000  1.6500
 17 18  5.6200  6.1500  6.2200  6.0300  5.8600  5.6900  5.8000  5.9000  5.3600
 17 19  1.6300  1.8600  1.8100  1.6900  1.6300  1.6100  1.7900  2.8100  3.9700
 17 20  2.3800  2.5800  2.4100  2.3000  2.2500  2.2800  2.4200  2.5700  2.4400
 17 21  4.8200  5.4800  5.7200  5.7900  5.7300  5.6400  5.6600  5.6800  5.2000
 18 19  0.6860  0.7570  0.6970  0.6270  0.6000  0.5910  0.6400  0.8060  0.9280
 18 20  2.3200  2.6600  2.5700  2.4300  2.3600  2.3400  2.4200  2.4700  2.2500
 18 21  4.9700  5.6100  5.8700  5.9900  5.9800  6.0500  6.2600  6.3500  5.7700
 19 20  2.5000  2.7700  2.7800  2.6400  2.5600  2.5100  2.5900  2.8100  2.8400
 19 21  0.5200  0.5980  0.6710  0.6900  0.7090  0.8230  1.0400  1.5900  2.1000
 20 21  3.0300  3.3800  3.4200  3.2600  3.2100  3.2700  3.4500  3.5700  3.2500
*** Sc II       'Effective collision strengths Omega'
*** ATOM        'scandium'
*** SPECTRUM 2
*** N_LEVELS 21
*** T_UNIT	'K' 
*** SOURCE1	'Grieve, M.F.R. & Ramsbottom, C.A. 2012, MNRAS 424, 2461' 
*** NOTE1 	'Effective Collision Strengths Omega' 
*** GSCONFIG d2