99510000000000 At_O2            1.0 0.000 1.000e+00  1.000            999   1   1.00
 9510000000867 At_O2      12928.279 0.000 1.287e-04  1.000  9510000000000   1   1.00
 9510000000874 At_O2      12906.248 0.000 2.305e-04  1.000  9510000000000   1   1.00
 9510000000883 At_O2      12884.529 0.000 3.884e-04  1.000  9510000000000   1   1.00
 9510000000895 At_O2      12863.123 0.000 6.067e-04  1.000  9510000000000   1   1.00
 9510000000907 At_O2      12842.026 0.000 8.860e-04  1.000  9510000000000   1   1.00
 9510000000919 At_O2      12831.612 0.000 1.387e-04  1.000  9510000000000   1   1.00
 9510000000921 At_O2      12828.698 0.000 1.541e-04  1.000  9510000000000   1   1.00
 9510000000932 At_O2      12821.238 0.000 1.191e-03  1.000  9510000000000   1   1.00
 9510000000935 At_O2      12818.893 0.000 2.651e-04  1.000  9510000000000   1   1.00
 9510000000939 At_O2      12815.955 0.000 2.985e-04  1.000  9510000000000   1   1.00
 9510000000954 At_O2      12806.452 0.000 4.783e-04  1.000  9510000000000   1   1.00
 9510000000960 At_O2      12803.491 0.000 5.425e-04  1.000  9510000000000   1   1.00
 9510000000969 At_O2      12800.758 0.000 1.473e-03  1.000  9510000000000   1   1.00
 9510000000976 At_O2      12794.289 0.000 8.057e-04  1.000  9510000000000   1   1.00
 9510000000979 At_O2      12791.303 0.000 9.245e-04  1.000  9510000000000   1   1.00
 9510000000983 At_O2      12782.400 0.000 1.268e-03  1.000  9510000000000   1   1.00
 9510000000984 At_O2      12780.585 0.000 1.637e-03  1.000  9510000000000   1   1.00
 9510000000986 At_O2      12779.391 0.000 1.473e-03  1.000  9510000000000   1   1.00
 9510000000991 At_O2      12770.786 0.000 1.862e-03  1.000  9510000000000   1   1.00
 9510000000992 At_O2      12767.751 0.000 2.208e-03  1.000  9510000000000   1   1.00
 9510000000997 At_O2      12760.715 0.000 1.611e-03  1.000  9510000000000   1   1.00
 9510000000998 At_O2      12759.444 0.000 2.542e-03  1.000  9510000000000   1   1.00
 9510000001001 At_O2      12756.383 0.000 3.069e-03  1.000  9510000000000   1   1.00
 9510000001005 At_O2      12748.372 0.000 3.181e-03  1.000  9510000000000   1   1.00
 9510000001007 At_O2      12745.284 0.000 3.980e-03  1.000  9510000000000   1   1.00
 9510000001010 At_O2      12741.146 0.000 1.310e-03  1.000  9510000000000   1   1.00
 9510000001013 At_O2      12737.571 0.000 3.627e-03  1.000  9510000000000   1   1.00
 9510000001016 At_O2      12734.453 0.000 4.719e-03  1.000  9510000000000   1   1.00
 9510000001022 At_O2      12727.040 0.000 3.691e-03  1.000  9510000000000   1   1.00
 9510000001025 At_O2      12723.888 0.000 5.072e-03  1.000  9510000000000   1   1.00
 9510000001029 At_O2      12721.869 0.000 7.158e-04  1.000  9510000000000   1   1.00
 9510000001035 At_O2      12716.777 0.000 3.242e-03  1.000  9510000000000   1   1.00
 9510000001040 At_O2      12713.585 0.000 4.847e-03  1.000  9510000000000   1   1.00
 9510000001045 At_O2      12711.125 0.000 1.528e-04  1.000  9510000000000   1   1.00
 9510000001049 At_O2      12707.392 0.000 3.152e-04  1.000  9510000000000   1   1.00
 9510000001050 At_O2      12706.783 0.000 2.180e-03  1.000  9510000000000   1   1.00
 9510000001054 At_O2      12703.933 0.000 6.099e-04  1.000  9510000000000   1   1.00
 9510000001057 At_O2      12703.535 0.000 3.852e-03  1.000  9510000000000   1   1.00
 9510000001059 At_O2      12701.047 0.000 1.721e-04  1.000  9510000000000   1   1.00
 9510000001061 At_O2      12700.745 0.000 1.114e-03  1.000  9510000000000   1   1.00
 9510000001062 At_O2      12700.392 0.000 1.390e-04  1.000  9510000000000   1   1.00
 9510000001063 At_O2      12697.832 0.000 3.152e-04  1.000  9510000000000   1   1.00
 9510000001064 At_O2      12697.826 0.000 1.904e-03  1.000  9510000000000   1   1.00
 9510000001066 At_O2      12697.235 0.000 2.513e-04  1.000  9510000000000   1   1.00
 9510000001067 At_O2      12697.057 0.000 6.869e-04  1.000  9510000000000   1   1.00
 9510000001069 At_O2      12695.173 0.000 3.056e-03  1.000  9510000000000   1   1.00
 9510000001070 At_O2      12694.885 0.000 5.457e-04  1.000  9510000000000   1   1.00
 9510000001071 At_O2      12694.347 0.000 4.269e-04  1.000  9510000000000   1   1.00
 9510000001073 At_O2      12693.696 0.000 1.862e-03  1.000  9510000000000   1   1.00
 9510000001074 At_O2      12692.786 0.000 4.590e-03  1.000  9510000000000   1   1.00
 9510000001076 At_O2      12692.205 0.000 8.892e-04  1.000  9510000000000   1   1.00
 9510000001077 At_O2      12691.726 0.000 6.741e-04  1.000  9510000000000   1   1.00
 9510000001079 At_O2      12690.661 0.000 6.420e-03  1.000  9510000000000   1   1.00
 9510000001080 At_O2      12689.788 0.000 1.355e-03  1.000  9510000000000   1   1.00
 9510000001081 At_O2      12689.369 0.000 9.983e-04  1.000  9510000000000   1   1.00
 9510000001083 At_O2      12688.797 0.000 8.378e-03  1.000  9510000000000   1   1.00
 9510000001085 At_O2      12687.633 0.000 1.945e-03  1.000  9510000000000   1   1.00
 9510000001086 At_O2      12687.276 0.000 1.371e-03  1.000  9510000000000   1   1.00
 9510000001087 At_O2      12687.193 0.000 1.008e-02  1.000  9510000000000   1   1.00
 9510000001089 At_O2      12685.848 0.000 1.107e-02  1.000  9510000000000   1   1.00
 9510000001090 At_O2      12685.737 0.000 2.597e-03  1.000  9510000000000   1   1.00
 9510000001091 At_O2      12685.445 0.000 1.737e-03  1.000  9510000000000   1   1.00
 9510000001092 At_O2      12684.760 0.000 1.095e-02  1.000  9510000000000   1   1.00
 9510000001093 At_O2      12684.100 0.000 3.242e-03  1.000  9510000000000   1   1.00
 9510000001094 At_O2      12683.929 0.000 9.309e-03  1.000  9510000000000   1   1.00
 9510000001095 At_O2      12683.875 0.000 2.029e-03  1.000  9510000000000   1   1.00
 9510000001097 At_O2      12683.354 0.000 6.003e-03  1.000  9510000000000   1   1.00
 9510000001098 At_O2      12682.717 0.000 3.756e-03  1.000  9510000000000   1   1.00
 9510000001099 At_O2      12682.565 0.000 2.125e-03  1.000  9510000000000   1   1.00
 9510000001100 At_O2      12681.584 0.000 4.045e-03  1.000  9510000000000   1   1.00
 9510000001101 At_O2      12681.516 0.000 1.958e-03  1.000  9510000000000   1   1.00
 9510000001102 At_O2      12680.731 0.000 1.486e-03  1.000  9510000000000   1   1.00
 9510000001103 At_O2      12680.693 0.000 4.013e-03  1.000  9510000000000   1   1.00
 9510000001104 At_O2      12680.218 0.000 7.447e-04  1.000  9510000000000   1   1.00
 9510000001105 At_O2      12680.001 0.000 3.724e-03  1.000  9510000000000   1   1.00
 9510000001106 At_O2      12673.916 0.000 6.613e-03  1.000  9510000000000   1   1.00
 9510000001108 At_O2      12670.901 0.000 1.708e-03  1.000  9510000000000   1   1.00
 9510000001110 At_O2      12665.131 0.000 7.704e-03  1.000  9510000000000   1   1.00
 9510000001111 At_O2      12662.003 0.000 4.013e-03  1.000  9510000000000   1   1.00
 9510000001113 At_O2      12657.255 0.000 3.435e-03  1.000  9510000000000   1   1.00
 9510000001115 At_O2      12656.615 0.000 8.442e-03  1.000  9510000000000   1   1.00
 9510000001116 At_O2      12653.431 0.000 5.489e-03  1.000  9510000000000   1   1.00
 9510000001118 At_O2      12648.370 0.000 8.507e-03  1.000  9510000000000   1   1.00
 9510000001120 At_O2      12645.145 0.000 6.163e-03  1.000  9510000000000   1   1.00
 9510000001122 At_O2      12640.397 0.000 7.865e-03  1.000  9510000000000   1   1.00
 9510000001123 At_O2      12639.310 0.000 4.173e-03  1.000  9510000000000   1   1.00
 9510000001126 At_O2      12637.138 0.000 6.099e-03  1.000  9510000000000   1   1.00
 9510000001127 At_O2      12632.697 0.000 6.741e-03  1.000  9510000000000   1   1.00
 9510000001129 At_O2      12629.407 0.000 5.457e-03  1.000  9510000000000   1   1.00
 9510000001131 At_O2      12625.271 0.000 5.361e-03  1.000  9510000000000   1   1.00
 9510000001133 At_O2      12621.952 0.000 4.494e-03  1.000  9510000000000   1   1.00
 9510000001134 At_O2      12621.731 0.000 4.558e-03  1.000  9510000000000   1   1.00
 9510000001135 At_O2      12618.121 0.000 4.013e-03  1.000  9510000000000   1   1.00
 9510000001137 At_O2      12614.775 0.000 3.435e-03  1.000  9510000000000   1   1.00
 9510000001139 At_O2      12611.249 0.000 2.789e-03  1.000  9510000000000   1   1.00
 9510000001142 At_O2      12607.877 0.000 2.430e-03  1.000  9510000000000   1   1.00
 9510000001143 At_O2      12604.658 0.000 1.820e-03  1.000  9510000000000   1   1.00
 9510000001144 At_O2      12604.480 0.000 4.558e-03  1.000  9510000000000   1   1.00
 9510000001146 At_O2      12601.259 0.000 1.611e-03  1.000  9510000000000   1   1.00
 9510000001147 At_O2      12598.348 0.000 1.117e-03  1.000  9510000000000   1   1.00
 9510000001150 At_O2      12594.924 0.000 9.983e-04  1.000  9510000000000   1   1.00
 9510000001151 At_O2      12592.323 0.000 6.452e-04  1.000  9510000000000   1   1.00
 9510000001153 At_O2      12588.873 0.000 5.842e-04  1.000  9510000000000   1   1.00
 9510000001154 At_O2      12587.549 0.000 4.205e-03  1.000  9510000000000   1   1.00
 9510000001155 At_O2      12586.584 0.000 3.499e-04  1.000  9510000000000   1   1.00
 9510000001158 At_O2      12583.109 0.000 3.194e-04  1.000  9510000000000   1   1.00
 9510000001160 At_O2      12581.136 0.000 1.791e-04  1.000  9510000000000   1   1.00
 9510000001162 At_O2      12577.635 0.000 1.637e-04  1.000  9510000000000   1   1.00
 9510000001167 At_O2      12570.936 0.000 3.563e-03  1.000  9510000000000   1   1.00
 9510000001181 At_O2      12554.640 0.000 2.831e-03  1.000  9510000000000   1   1.00
 9510000001183 At_O2      12538.664 0.000 2.096e-03  1.000  9510000000000   1   1.00
 9510000001186 At_O2      12523.008 0.000 1.457e-03  1.000  9510000000000   1   1.00
 9510000001188 At_O2      12507.674 0.000 9.502e-04  1.000  9510000000000   1   1.00
 9510000001189 At_O2      12492.665 0.000 5.810e-04  1.000  9510000000000   1   1.00
 9510000001191 At_O2      12477.984 0.000 3.338e-04  1.000  9510000000000   1   1.00
 9510000001192 At_O2      12463.631 0.000 1.820e-04  1.000  9510000000000   1   1.00
 9510000001434 At_O2       7745.195 0.000 1.424e-04  1.000  9510000000000   1   1.00
 9510000001435 At_O2       7744.076 0.000 1.333e-04  1.000  9510000000000   1   1.00
 9510000001439 At_O2       7739.974 0.000 1.997e-04  1.000  9510000000000   1   1.00
 9510000001440 At_O2       7738.845 0.000 1.852e-04  1.000  9510000000000   1   1.00
 9510000001441 At_O2       7734.993 0.000 2.609e-04  1.000  9510000000000   1   1.00
 9510000001442 At_O2       7733.854 0.000 2.389e-04  1.000  9510000000000   1   1.00
 9510000001445 At_O2       7730.252 0.000 3.160e-04  1.000  9510000000000   1   1.00
 9510000001446 At_O2       7729.101 0.000 2.844e-04  1.000  9510000000000   1   1.00
 9510000001448 At_O2       7725.875 0.000 1.234e-04  1.000  9510000000000   1   1.00
 9510000001449 At_O2       7725.748 0.000 3.522e-04  1.000  9510000000000   1   1.00
 9510000001450 At_O2       7724.880 0.000 1.202e-04  1.000  9510000000000   1   1.00
 9510000001451 At_O2       7724.585 0.000 3.093e-04  1.000  9510000000000   1   1.00
 9510000001452 At_O2       7721.482 0.000 3.565e-04  1.000  9510000000000   1   1.00
 9510000001453 At_O2       7720.304 0.000 3.014e-04  1.000  9510000000000   1   1.00
 9510000001454 At_O2       7718.256 0.000 3.397e-04  1.000  9510000000000   1   1.00
 9510000001455 At_O2       7717.453 0.000 3.202e-04  1.000  9510000000000   1   1.00
 9510000001456 At_O2       7717.252 0.000 3.304e-04  1.000  9510000000000   1   1.00
 9510000001458 At_O2       7716.253 0.000 2.532e-04  1.000  9510000000000   1   1.00
 9510000001459 At_O2       7713.660 0.000 2.418e-04  1.000  9510000000000   1   1.00
 9510000001460 At_O2       7712.418 0.000 1.650e-04  1.000  9510000000000   1   1.00
 9510000001461 At_O2       7710.883 0.000 8.838e-04  1.000  9510000000000   1   1.00
 9510000001462 At_O2       7710.101 0.000 1.296e-04  1.000  9510000000000   1   1.00
 9510000001463 At_O2       7709.871 0.000 8.579e-04  1.000  9510000000000   1   1.00
 9510000001466 At_O2       7704.087 0.000 1.505e-04  1.000  9510000000000   1   1.00
 9510000001467 At_O2       7703.753 0.000 2.170e-03  1.000  9510000000000   1   1.00
 9510000001468 At_O2       7702.733 0.000 2.102e-03  1.000  9510000000000   1   1.00
 9510000001469 At_O2       7702.238 0.000 1.817e-04  1.000  9510000000000   1   1.00
 9510000001470 At_O2       7701.077 0.000 2.630e-04  1.000  9510000000000   1   1.00
 9510000001471 At_O2       7699.504 0.000 2.674e-04  1.000  9510000000000   1   1.00
 9510000001472 At_O2       7698.322 0.000 3.404e-04  1.000  9510000000000   1   1.00
 9510000001473 At_O2       7697.007 0.000 3.130e-04  1.000  9510000000000   1   1.00
 9510000001474 At_O2       7696.864 0.000 5.029e-03  1.000  9510000000000   1   1.00
 9510000001475 At_O2       7695.836 0.000 4.860e-03  1.000  9510000000000   1   1.00
 9510000001476 At_O2       7695.809 0.000 3.749e-04  1.000  9510000000000   1   1.00
 9510000001477 At_O2       7694.747 0.000 3.182e-04  1.000  9510000000000   1   1.00
 9510000001478 At_O2       7693.535 0.000 3.680e-04  1.000  9510000000000   1   1.00
 9510000001480 At_O2       7692.724 0.000 2.911e-04  1.000  9510000000000   1   1.00
 9510000001481 At_O2       7691.500 0.000 3.289e-04  1.000  9510000000000   1   1.00
 9510000001482 At_O2       7690.939 0.000 2.437e-04  1.000  9510000000000   1   1.00
 9510000001483 At_O2       7690.212 0.000 1.099e-02  1.000  9510000000000   1   1.00
 9510000001484 At_O2       7689.704 0.000 2.708e-04  1.000  9510000000000   1   1.00
 9510000001485 At_O2       7689.394 0.000 1.884e-04  1.000  9510000000000   1   1.00
 9510000001486 At_O2       7689.175 0.000 1.059e-02  1.000  9510000000000   1   1.00
 9510000001488 At_O2       7688.148 0.000 2.069e-04  1.000  9510000000000   1   1.00
 9510000001489 At_O2       7688.089 0.000 1.355e-04  1.000  9510000000000   1   1.00
 9510000001491 At_O2       7686.832 0.000 1.474e-04  1.000  9510000000000   1   1.00
 9510000001503 At_O2       7683.796 0.000 2.263e-02  1.000  9510000000000   1   1.00
 9510000001504 At_O2       7682.751 0.000 2.174e-02  1.000  9510000000000   1   1.00
 9510000001507 At_O2       7677.612 0.000 4.388e-02  1.000  9510000000000   1   1.00
 9510000001508 At_O2       7676.559 0.000 4.200e-02  1.000  9510000000000   1   1.00
 9510000001510 At_O2       7671.660 0.000 8.005e-02  1.000  9510000000000   1   1.00
 9510000001511 At_O2       7670.597 0.000 7.629e-02  1.000  9510000000000   1   1.00
 9510000001514 At_O2       7665.936 0.000 1.372e-01  1.000  9510000000000   1   1.00
 9510000001515 At_O2       7664.865 0.000 1.301e-01  1.000  9510000000000   1   1.00
 9510000001517 At_O2       7660.440 0.000 2.207e-01  1.000  9510000000000   1   1.00
 9510000001519 At_O2       7659.359 0.000 2.079e-01  1.000  9510000000000   1   1.00
 9510000001521 At_O2       7655.169 0.000 3.324e-01  1.000  9510000000000   1   1.00
 9510000001522 At_O2       7654.078 0.000 3.108e-01  1.000  9510000000000   1   1.00
 9510000001524 At_O2       7650.122 0.000 4.679e-01  1.000  9510000000000   1   1.00
 9510000001525 At_O2       7649.022 0.000 4.332e-01  1.000  9510000000000   1   1.00
 9510000001528 At_O2       7645.298 0.000 6.131e-01  1.000  9510000000000   1   1.00
 9510000001529 At_O2       7644.187 0.000 5.605e-01  1.000  9510000000000   1   1.00
 9510000001531 At_O2       7640.696 0.000 7.445e-01  1.000  9510000000000   1   1.00
 9510000001532 At_O2       7639.574 0.000 6.690e-01  1.000  9510000000000   1   1.00
 9510000001535 At_O2       7636.315 0.000 8.312e-01  1.000  9510000000000   1   1.00
 9510000001536 At_O2       7635.180 0.000 7.287e-01  1.000  9510000000000   1   1.00
 9510000001538 At_O2       7632.154 0.000 8.426e-01  1.000  9510000000000   1   1.00
 9510000001539 At_O2       7631.004 0.000 7.110e-01  1.000  9510000000000   1   1.00
 9510000001541 At_O2       7628.212 0.000 7.573e-01  1.000  9510000000000   1   1.00
 9510000001544 At_O2       7627.041 0.000 5.974e-01  1.000  9510000000000   1   1.00
 9510000001545 At_O2       7624.489 0.000 5.721e-01  1.000  9510000000000   1   1.00
 9510000001547 At_O2       7623.277 0.000 3.888e-01  1.000  9510000000000   1   1.00
 9510000001548 At_O2       7620.985 0.000 3.066e-01  1.000  9510000000000   1   1.00
 9510000001550 At_O2       7616.139 0.000 1.531e-01  1.000  9510000000000   1   1.00
 9510000001551 At_O2       7615.050 0.000 3.566e-01  1.000  9510000000000   1   1.00
 9510000001553 At_O2       7613.181 0.000 4.282e-01  1.000  9510000000000   1   1.00
 9510000001554 At_O2       7612.051 0.000 6.209e-01  1.000  9510000000000   1   1.00
 9510000001556 At_O2       7610.442 0.000 6.289e-01  1.000  9510000000000   1   1.00
 9510000001557 At_O2       7609.291 0.000 8.013e-01  1.000  9510000000000   1   1.00
 9510000001559 At_O2       7607.923 0.000 7.338e-01  1.000  9510000000000   1   1.00
 9510000001561 At_O2       7606.756 0.000 8.797e-01  1.000  9510000000000   1   1.00
 9510000001562 At_O2       7605.623 0.000 7.437e-01  1.000  9510000000000   1   1.00
 9510000001564 At_O2       7604.443 0.000 8.603e-01  1.000  9510000000000   1   1.00
 9510000001566 At_O2       7603.544 0.000 6.776e-01  1.000  9510000000000   1   1.00
 9510000001569 At_O2       7602.352 0.000 7.658e-01  1.000  9510000000000   1   1.00
 9510000001571 At_O2       7601.686 0.000 5.646e-01  1.000  9510000000000   1   1.00
 9510000001574 At_O2       7600.483 0.000 6.277e-01  1.000  9510000000000   1   1.00
 9510000001576 At_O2       7600.050 0.000 4.344e-01  1.000  9510000000000   1   1.00
 9510000001579 At_O2       7598.836 0.000 4.772e-01  1.000  9510000000000   1   1.00
 9510000001580 At_O2       7598.638 0.000 3.105e-01  1.000  9510000000000   1   1.00
 9510000001582 At_O2       7598.352 0.000 1.174e-04  1.000  9510000000000   1   1.00
 9510000001584 At_O2       7597.451 0.000 2.071e-01  1.000  9510000000000   1   1.00
 9510000001585 At_O2       7597.414 0.000 3.379e-01  1.000  9510000000000   1   1.00
 9510000001586 At_O2       7597.182 0.000 3.232e-04  1.000  9510000000000   1   1.00
 9510000001587 At_O2       7597.014 0.000 1.227e-04  1.000  9510000000000   1   1.00
 9510000001588 At_O2       7596.490 0.000 1.292e-01  1.000  9510000000000   1   1.00
 9510000001590 At_O2       7596.260 0.000 8.404e-04  1.000  9510000000000   1   1.00
 9510000001591 At_O2       7596.216 0.000 2.237e-01  1.000  9510000000000   1   1.00
 9510000001592 At_O2       7595.855 0.000 3.384e-04  1.000  9510000000000   1   1.00
 9510000001593 At_O2       7595.757 0.000 7.559e-02  1.000  9510000000000   1   1.00
 9510000001594 At_O2       7595.581 0.000 2.063e-03  1.000  9510000000000   1   1.00
 9510000001596 At_O2       7595.254 0.000 4.153e-02  1.000  9510000000000   1   1.00
 9510000001597 At_O2       7595.245 0.000 1.387e-01  1.000  9510000000000   1   1.00
 9510000001598 At_O2       7595.144 0.000 4.777e-03  1.000  9510000000000   1   1.00
 9510000001599 At_O2       7594.983 0.000 2.145e-02  1.000  9510000000000   1   1.00
 9510000001600 At_O2       7594.945 0.000 1.043e-02  1.000  9510000000000   1   1.00
 9510000001601 At_O2       7594.942 0.000 8.818e-04  1.000  9510000000000   1   1.00
 9510000001603 At_O2       7594.502 0.000 8.075e-02  1.000  9510000000000   1   1.00
 9510000001605 At_O2       7594.274 0.000 2.169e-03  1.000  9510000000000   1   1.00
 9510000001607 At_O2       7593.988 0.000 4.417e-02  1.000  9510000000000   1   1.00
 9510000001610 At_O2       7593.847 0.000 5.035e-03  1.000  9510000000000   1   1.00
 9510000001611 At_O2       7593.707 0.000 2.274e-02  1.000  9510000000000   1   1.00
 9510000001612 At_O2       7593.659 0.000 1.102e-02  1.000  9510000000000   1   1.00
 9510000001636 At_O2       6960.652 0.000 1.446e-04  1.000  9510000000000   1   1.00
 9510000001637 At_O2       6959.820 0.000 1.402e-04  1.000  9510000000000   1   1.00
 9510000001638 At_O2       6953.910 0.000 3.358e-04  1.000  9510000000000   1   1.00
 9510000001639 At_O2       6953.070 0.000 3.248e-04  1.000  9510000000000   1   1.00
 9510000001640 At_O2       6947.435 0.000 7.351e-04  1.000  9510000000000   1   1.00
 9510000001641 At_O2       6946.589 0.000 7.092e-04  1.000  9510000000000   1   1.00
 9510000001642 At_O2       6941.226 0.000 1.517e-03  1.000  9510000000000   1   1.00
 9510000001643 At_O2       6940.373 0.000 1.458e-03  1.000  9510000000000   1   1.00
 9510000001644 At_O2       6935.281 0.000 2.946e-03  1.000  9510000000000   1   1.00
 9510000001645 At_O2       6934.421 0.000 2.822e-03  1.000  9510000000000   1   1.00
 9510000001646 At_O2       6929.596 0.000 5.383e-03  1.000  9510000000000   1   1.00
 9510000001647 At_O2       6928.729 0.000 5.135e-03  1.000  9510000000000   1   1.00
 9510000001648 At_O2       6924.170 0.000 9.243e-03  1.000  9510000000000   1   1.00
 9510000001649 At_O2       6923.296 0.000 8.771e-03  1.000  9510000000000   1   1.00
 9510000001650 At_O2       6919.001 0.000 1.489e-02  1.000  9510000000000   1   1.00
 9510000001651 At_O2       6918.120 0.000 1.404e-02  1.000  9510000000000   1   1.00
 9510000001652 At_O2       6914.088 0.000 2.246e-02  1.000  9510000000000   1   1.00
 9510000001653 At_O2       6913.199 0.000 2.102e-02  1.000  9510000000000   1   1.00
 9510000001654 At_O2       6909.429 0.000 3.166e-02  1.000  9510000000000   1   1.00
 9510000001655 At_O2       6908.531 0.000 2.934e-02  1.000  9510000000000   1   1.00
 9510000001656 At_O2       6905.022 0.000 4.156e-02  1.000  9510000000000   1   1.00
 9510000001657 At_O2       6904.116 0.000 3.802e-02  1.000  9510000000000   1   1.00
 9510000001658 At_O2       6900.867 0.000 5.053e-02  1.000  9510000000000   1   1.00
 9510000001659 At_O2       6899.952 0.000 4.544e-02  1.000  9510000000000   1   1.00
 9510000001660 At_O2       6896.962 0.000 5.649e-02  1.000  9510000000000   1   1.00
 9510000001661 At_O2       6896.036 0.000 4.956e-02  1.000  9510000000000   1   1.00
 9510000001662 At_O2       6893.306 0.000 5.734e-02  1.000  9510000000000   1   1.00
 9510000001663 At_O2       6892.369 0.000 4.841e-02  1.000  9510000000000   1   1.00
 9510000001664 At_O2       6889.900 0.000 5.159e-02  1.000  9510000000000   1   1.00
 9510000001665 At_O2       6888.945 0.000 4.072e-02  1.000  9510000000000   1   1.00
 9510000001666 At_O2       6886.741 0.000 3.902e-02  1.000  9510000000000   1   1.00
 9510000001667 At_O2       6885.752 0.000 2.653e-02  1.000  9510000000000   1   1.00
 9510000001670 At_O2       6883.830 0.000 2.093e-02  1.000  9510000000000   1   1.00
 9510000001673 At_O2       6879.928 0.000 1.047e-02  1.000  9510000000000   1   1.00
 9510000001675 At_O2       6879.039 0.000 2.440e-02  1.000  9510000000000   1   1.00
 9510000001677 At_O2       6877.635 0.000 2.931e-02  1.000  9510000000000   1   1.00
 9510000001679 At_O2       6876.713 0.000 4.252e-02  1.000  9510000000000   1   1.00
 9510000001681 At_O2       6875.590 0.000 4.308e-02  1.000  9510000000000   1   1.00
 9510000001683 At_O2       6874.650 0.000 5.492e-02  1.000  9510000000000   1   1.00
 9510000001685 At_O2       6873.793 0.000 5.031e-02  1.000  9510000000000   1   1.00
 9510000001686 At_O2       6873.384 0.000 1.421e-04  1.000  9510000000000   1   1.00
 9510000001687 At_O2       6872.841 0.000 6.033e-02  1.000  9510000000000   1   1.00
 9510000001688 At_O2       6872.314 0.000 1.494e-04  1.000  9510000000000   1   1.00
 9510000001689 At_O2       6872.244 0.000 5.102e-02  1.000  9510000000000   1   1.00
 9510000001690 At_O2       6871.865 0.000 3.292e-04  1.000  9510000000000   1   1.00
 9510000001691 At_O2       6871.281 0.000 5.905e-02  1.000  9510000000000   1   1.00
 9510000001692 At_O2       6870.944 0.000 4.652e-02  1.000  9510000000000   1   1.00
 9510000001693 At_O2       6870.804 0.000 3.468e-04  1.000  9510000000000   1   1.00
 9510000001694 At_O2       6870.611 0.000 7.185e-04  1.000  9510000000000   1   1.00
 9510000001695 At_O2       6869.971 0.000 5.259e-02  1.000  9510000000000   1   1.00
 9510000001696 At_O2       6869.894 0.000 3.879e-02  1.000  9510000000000   1   1.00
 9510000001697 At_O2       6869.620 0.000 1.478e-03  1.000  9510000000000   1   1.00
 9510000001698 At_O2       6869.559 0.000 7.592e-04  1.000  9510000000000   1   1.00
 9510000001699 At_O2       6869.093 0.000 2.986e-02  1.000  9510000000000   1   1.00
 9510000001700 At_O2       6868.911 0.000 4.314e-02  1.000  9510000000000   1   1.00
 9510000001701 At_O2       6868.891 0.000 2.860e-03  1.000  9510000000000   1   1.00
 9510000001702 At_O2       6868.577 0.000 1.566e-03  1.000  9510000000000   1   1.00
 9510000001703 At_O2       6868.545 0.000 2.136e-02  1.000  9510000000000   1   1.00
 9510000001704 At_O2       6868.420 0.000 5.205e-03  1.000  9510000000000   1   1.00
 9510000001705 At_O2       6868.249 0.000 1.425e-02  1.000  9510000000000   1   1.00
 9510000001706 At_O2       6868.207 0.000 8.894e-03  1.000  9510000000000   1   1.00
 9510000001707 At_O2       6868.102 0.000 3.281e-02  1.000  9510000000000   1   1.00
 9510000001708 At_O2       6867.856 0.000 3.042e-03  1.000  9510000000000   1   1.00
 9510000001709 At_O2       6867.544 0.000 2.324e-02  1.000  9510000000000   1   1.00
 9510000001710 At_O2       6867.394 0.000 5.560e-03  1.000  9510000000000   1   1.00
 9510000001711 At_O2       6867.239 0.000 1.539e-02  1.000  9510000000000   1   1.00
 9510000001712 At_O2       6867.189 0.000 9.550e-03  1.000  9510000000000   1   1.00
 9510000001725 At_O2       6335.069 0.000 1.082e-04  1.000  9510000000000   1   1.00
 9510000001726 At_O2       6334.352 0.000 1.037e-04  1.000  9510000000000   1   1.00
 9510000001727 At_O2       6329.631 0.000 1.978e-04  1.000  9510000000000   1   1.00
 9510000001728 At_O2       6328.908 0.000 1.887e-04  1.000  9510000000000   1   1.00
 9510000001729 At_O2       6324.471 0.000 3.396e-04  1.000  9510000000000   1   1.00
 9510000001730 At_O2       6323.741 0.000 3.222e-04  1.000  9510000000000   1   1.00
 9510000001731 At_O2       6319.585 0.000 5.469e-04  1.000  9510000000000   1   1.00
 9510000001732 At_O2       6318.850 0.000 5.158e-04  1.000  9510000000000   1   1.00
 9510000001733 At_O2       6314.973 0.000 8.253e-04  1.000  9510000000000   1   1.00
 9510000001734 At_O2       6314.231 0.000 7.722e-04  1.000  9510000000000   1   1.00
 9510000001735 At_O2       6310.632 0.000 1.163e-03  1.000  9510000000000   1   1.00
 9510000001736 At_O2       6309.884 0.000 1.078e-03  1.000  9510000000000   1   1.00
 9510000001737 At_O2       6306.562 0.000 1.527e-03  1.000  9510000000000   1   1.00
 9510000001738 At_O2       6305.806 0.000 1.397e-03  1.000  9510000000000   1   1.00
 9510000001739 At_O2       6302.760 0.000 1.856e-03  1.000  9510000000000   1   1.00
 9510000001740 At_O2       6301.996 0.000 1.669e-03  1.000  9510000000000   1   1.00
 9510000001741 At_O2       6299.226 0.000 2.076e-03  1.000  9510000000000   1   1.00
 9510000001742 At_O2       6298.454 0.000 1.821e-03  1.000  9510000000000   1   1.00
 9510000001743 At_O2       6295.958 0.000 2.106e-03  1.000  9510000000000   1   1.00
 9510000001744 At_O2       6295.176 0.000 1.779e-03  1.000  9510000000000   1   1.00
 9510000001746 At_O2       6292.956 0.000 1.895e-03  1.000  9510000000000   1   1.00
 9510000001747 At_O2       6292.159 0.000 1.496e-03  1.000  9510000000000   1   1.00
 9510000001750 At_O2       6290.219 0.000 1.434e-03  1.000  9510000000000   1   1.00
 9510000001751 At_O2       6289.395 0.000 9.745e-04  1.000  9510000000000   1   1.00
 9510000001753 At_O2       6287.747 0.000 7.846e-04  1.000  9510000000000   1   1.00
 9510000001758 At_O2       6284.535 0.000 3.847e-04  1.000  9510000000000   1   1.00
 9510000001759 At_O2       6283.793 0.000 8.962e-04  1.000  9510000000000   1   1.00
 9510000001761 At_O2       6282.723 0.000 1.076e-03  1.000  9510000000000   1   1.00
 9510000001763 At_O2       6281.954 0.000 1.561e-03  1.000  9510000000000   1   1.00
 9510000001765 At_O2       6281.176 0.000 1.583e-03  1.000  9510000000000   1   1.00
 9510000001767 At_O2       6280.392 0.000 2.017e-03  1.000  9510000000000   1   1.00
 9510000001768 At_O2       6280.369 0.000 1.050e-04  1.000  9510000000000   1   1.00
 9510000001769 At_O2       6279.893 0.000 1.847e-03  1.000  9510000000000   1   1.00
 9510000001770 At_O2       6279.504 0.000 1.116e-04  1.000  9510000000000   1   1.00
 9510000001771 At_O2       6279.234 0.000 1.910e-04  1.000  9510000000000   1   1.00
 9510000001772 At_O2       6279.098 0.000 2.216e-03  1.000  9510000000000   1   1.00
 9510000001773 At_O2       6278.875 0.000 1.874e-03  1.000  9510000000000   1   1.00
 9510000001774 At_O2       6278.376 0.000 2.040e-04  1.000  9510000000000   1   1.00
 9510000001775 At_O2       6278.373 0.000 3.264e-04  1.000  9510000000000   1   1.00
 9510000001776 At_O2       6278.123 0.000 1.708e-03  1.000  9510000000000   1   1.00
 9510000001777 At_O2       6278.071 0.000 2.169e-03  1.000  9510000000000   1   1.00
 9510000001778 At_O2       6277.784 0.000 5.231e-04  1.000  9510000000000   1   1.00
 9510000001779 At_O2       6277.636 0.000 1.424e-03  1.000  9510000000000   1   1.00
 9510000001780 At_O2       6277.522 0.000 3.505e-04  1.000  9510000000000   1   1.00
 9510000001781 At_O2       6277.466 0.000 7.841e-04  1.000  9510000000000   1   1.00
 9510000001782 At_O2       6277.417 0.000 1.097e-03  1.000  9510000000000   1   1.00
 9510000001783 At_O2       6277.310 0.000 1.932e-03  1.000  9510000000000   1   1.00
 9510000001784 At_O2       6276.941 0.000 5.651e-04  1.000  9510000000000   1   1.00
 9510000001785 At_O2       6276.816 0.000 1.584e-03  1.000  9510000000000   1   1.00
 9510000001786 At_O2       6276.630 0.000 8.534e-04  1.000  9510000000000   1   1.00
 9510000001787 At_O2       6276.589 0.000 1.204e-03  1.000  9510000000000   1   1.00
